100
1 0 -1 0 0 0 0 0 0 0 -1 0 0 -1 0 0 0 0 0 0 0 -1 0 0 0 0 0 1 0 0 0 0 0 0 1 0 0 0 0 0 0 1 0 0 0 0 0 0 -1 -1 1 0 1 0 -1 0 1 0 0 0 0 0 0 -1 0 0 0 -1 0 0 0 0 0 0 0 -1 0 1 -1 0 0 1 0 -1 0 -1 0 1 0 0 0 0 0 1 0 0 0 0 0 -1 
0 1 1 -1 0 1 0 -1 0 1 1 1 0 0 1 1 0 0 1 1 0 1 -1 1 0 0 1 1 1 1 0 0 1 0 1 1 0 1 1 0 0 1 1 1 0 1 1 0 1 1 1 1 1 0 1 1 1 1 0 0 1 -1 1 1 0 1 0 1 0 1 1 0 0 0 0 -1 0 -1 1 1 1 1 1 1 1 1 1 1 0 0 0 1 1 0 0 0 1 1 1 1 
-1 1 0 -1 0 0 0 0 0 1 0 0 0 -1 1 1 0 0 1 0 0 1 -1 1 0 0 1 0 1 0 -1 0 0 0 1 0 0 -1 1 0 0 1 0 1 0 1 1 1 0 1 1 1 1 0 1 1 0 1 -1 1 1 1 1 1 1 1 0 1 0 0 0 1 1 1 0 0 0 1 1 1 1 1 1 0 1 1 1 1 1 0 0 1 0 -1 1 0 0 0 1 -1 
0 -1 -1 0 0 0 0 0 0 0 0 0 0 0 1 -1 0 0 -1 0 -1 1 0 0 -1 0 0 0 -1 -1 -1 -1 -1 0 1 -1 0 0 -1 0 0 -1 0 -1 0 0 0 0 -1 -1 0 -1 -1 0 -1 1 1 0 0 -1 -1 -1 0 0 -1 -1 0 0 0 -1 0 0 -1 -1 0 0 0 -1 -1 0 -1 -1 0 1 1 -1 0 1 -1 0 0 -1 -1 0 0 0 0 0 1 -1 
0 0 0 0 0 0 1 0 1 0 0 0 1 0 0 0 1 1 0 0 0 0 0 0 0 1 0 0 0 0 0 0 0 1 0 0 1 0 0 0 0 0 0 0 1 0 0 0 0 0 0 0 0 1 0 0 0 0 0 0 0 0 0 0 0 0 1 0 1 0 0 0 0 0 1 0 1 0 0 0 0 0 0 0 0 0 0 0 0 1 1 0 0 0 0 0 0 0 0 0 
0 1 0 0 0 0 0 0 0 0 0 0 0 0 1 0 0 0 0 1 1 0 0 0 0 0 0 0 0 0 0 0 0 0 0 0 0 0 1 1 1 0 1 1 -1 0 0 0 0 0 0 1 1 0 0 -1 0 1 0 0 0 0 0 0 0 0 0 0 0 0 0 0 0 1 0 -1 0 0 0 0 0 0 1 1 1 0 0 0 1 0 0 0 1 0 1 0 0 1 1 0 
0 0 0 0 1 0 0 0 1 0 0 0 1 0 0 0 1 1 0 0 0 0 0 0 0 1 0 0 0 0 0 0 0 1 0 0 1 0 0 0 0 0 0 0 1 0 0 0 0 0 0 0 0 1 0 0 0 0 0 0 0 0 0 0 0 0 1 0 1 0 0 0 0 0 1 0 1 0 0 0 0 0 0 0 0 0 0 0 0 1 1 0 0 0 0 0 0 0 0 0 
0 -1 0 0 0 0 0 1 0 0 1 1 0 1 0 0 0 0 -1 1 0 0 0 1 1 0 0 1 0 0 1 1 1 0 0 0 0 0 0 0 0 0 0 0 0 1 0 0 -1 -1 0 0 1 0 -1 -1 0 1 1 1 0 0 1 0 0 0 0 0 0 0 1 1 -1 0 0 0 0 1 0 0 -1 0 0 1 0 1 1 1 -1 0 0 0 0 0 0 1 1 0 0 0 
0 0 0 0 1 0 1 0 0 0 0 0 1 0 0 0 1 1 0 0 0 0 0 0 0 1 0 0 0 0 0 0 0 1 0 0 1 0 0 0 0 0 0 0 1 0 0 0 0 0 0 0 0 1 0 0 0 0 0 0 0 0 0 0 0 0 1 0 1 0 0 0 0 0 1 0 1 0 0 0 0 0 0 0 0 0 0 0 0 1 1 0 0 0 0 0 0 0 0 0 
0 1 1 0 0 0 0 0 0 0 0 0 0 0 0 1 0 0 1 0 0 0 1 1 -1 0 1 0 0 0 0 -1 0 0 1 1 0 0 0 0 0 1 1 1 0 1 1 1 -1 1 1 1 1 0 1 1 1 0 1 0 0 1 1 0 0 0 0 0 0 0 0 0 0 0 0 0 0 0 1 1 1 1 0 0 1 1 0 1 1 0 0 0 1 1 0 0 0 0 1 1 
-1 1 0 0 0 0 0 1 0 0 0 0 0 1 0 0 0 0 0 1 0 1 1 1 1 0 0 1 1 1 1 1 0 0 1 0 0 1 0 1 0 1 1 0 0 1 0 1 -1 0 0 1 0 0 0 -1 0 1 1 -1 -1 0 1 0 0 0 0 0 0 0 0 1 -1 1 0 0 0 0 0 0 0 0 0 0 0 1 0 1 0 0 0 1 0 1 0 0 1 0 0 -1 
0 1 0 0 0 0 0 1 0 0 0 0 0 1 1 0 0 0 0 0 0 1 0 1 0 0 0 1 1 1 1 1 1 0 1 0 0 1 0 0 0 1 1 1 0 1 1 0 0 1 1 1 1 0 1 0 1 1 0 0 1 0 1 0 0 0 0 0 0 0 1 1 0 0 0 0 0 1 0 1 0 0 1 1 1 1 1 1 1 0 0 1 0 1 1 1 0 0 1 0 
0 0 0 0 1 0 1 0 1 0 0 0 0 0 0 0 1 1 0 0 0 0 0 0 0 1 0 0 0 0 0 0 0 1 0 0 1 0 0 0 0 0 0 0 1 0 0 0 0 0 0 0 0 1 0 0 0 0 0 0 0 0 0 0 0 0 1 0 1 0 0 0 0 0 1 0 1 0 0 0 0 0 0 0 0 0 0 0 0 1 1 0 0 0 0 0 0 0 0 0 
-1 0 -1 0 0 0 0 1 0 0 1 1 0 0 0 0 0 0 0 1 0 0 1 1 1 0 0 0 0 0 1 0 -1 0 1 0 0 1 1 1 0 1 1 0 0 0 0 1 -1 0 0 1 1 0 0 -1 1 1 1 1 1 0 0 0 0 0 0 0 0 0 0 1 0 1 0 -1 0 0 0 1 0 1 0 1 0 1 1 1 0 0 0 0 0 0 1 0 0 0 0 0 
0 1 1 1 0 1 0 0 0 0 0 1 0 0 0 1 0 0 1 0 1 1 -1 1 0 0 0 0 1 1 0 0 1 0 1 1 0 1 0 0 0 1 1 1 0 1 1 0 1 1 1 1 1 0 1 1 1 1 -1 1 1 1 1 0 0 0 0 0 0 1 1 0 1 1 0 1 0 0 1 1 1 1 1 0 1 1 0 1 1 0 0 1 1 1 1 0 0 1 1 0 
0 1 1 -1 0 0 0 0 0 1 0 0 0 0 1 0 0 0 1 0 1 1 0 0 0 0 0 0 0 1 0 0 0 0 1 0 0 0 1 0 1 0 1 1 0 1 1 0 1 1 1 1 1 0 1 -1 0 1 0 1 1 1 0 1 0 1 0 1 0 1 0 0 1 1 0 0 0 0 1 1 1 1 0 0 1 1 -1 1 1 0 0 1 1 0 0 0 0 1 1 0 
0 0 0 0 1 0 1 0 1 0 0 0 1 0 0 0 0 1 0 0 0 0 0 0 0 1 0 0 0 0 0 0 0 1 0 0 1 0 0 0 0 0 0 0 1 0 0 0 0 0 0 0 0 1 0 0 0 0 0 0 0 0 0 0 0 0 1 0 1 0 0 0 0 0 1 0 1 0 0 0 0 0 0 0 0 0 0 0 0 1 1 0 0 0 0 0 0 0 0 0 
0 0 0 0 1 0 1 0 1 0 0 0 1 0 0 0 1 0 0 0 0 0 0 0 0 1 0 0 0 0 0 0 0 1 0 0 1 0 0 0 0 0 0 0 1 0 0 0 0 0 0 0 0 1 0 0 0 0 0 0 0 0 0 0 0 0 1 0 1 0 0 0 0 0 1 0 1 0 0 0 0 0 0 0 0 0 0 0 0 1 1 0 0 0 0 0 0 0 0 0 
0 1 1 -1 0 0 0 -1 0 1 0 0 0 0 1 1 0 0 0 0 1 1 0 1 0 0 0 1 0 0 0 0 1 0 1 0 0 1 1 0 0 1 1 1 0 1 1 0 0 1 1 0 1 0 1 0 0 1 0 0 0 1 0 1 1 1 0 1 0 0 1 0 -1 0 0 0 0 1 1 1 1 1 1 0 1 1 1 1 1 0 0 1 1 0 0 0 0 1 1 1 
0 1 0 0 0 1 0 1 0 0 1 0 0 1 0 0 0 0 0 0 1 1 1 1 1 0 0 1 1 1 1 0 1 0 1 0 0 0 1 1 0 1 1 1 0 1 1 1 1 1 0 1 0 0 0 0 0 1 0 1 1 0 0 0 1 0 0 1 0 1 0 1 1 0 0 1 0 0 0 0 0 0 1 1 1 -1 1 0 1 0 0 1 1 0 1 0 1 1 1 0 
0 0 0 -1 0 1 0 0 0 0 0 0 0 0 1 1 0 0 1 1 0 1 0 1 0 0 0 1 0 1 0 0 0 0 1 0 0 0 1 1 0 1 1 1 0 1 0 1 1 1 0 0 1 0 0 0 0 0 0 0 1 1 0 0 0 1 0 1 0 1 0 0 1 1 0 1 0 0 1 0 1 0 1 1 1 1 1 0 0 0 0 0 1 0 0 0 0 0 1 1 
-1 1 1 1 0 0 0 0 0 0 1 1 0 0 1 1 0 0 1 1 1 0 1 1 0 0 1 0 1 1 0 0 1 0 1 1 0 0 1 0 0 1 1 1 0 0 0 1 1 1 1 1 1 1 1 1 1 1 1 1 1 1 0 1 1 1 0 1 0 1 1 1 1 1 0 1 0 1 -1 1 1 0 1 1 1 1 1 1 1 0 0 1 1 0 1 0 0 1 1 0 
0 -1 -1 0 0 0 0 0 0 1 1 0 0 1 -1 0 0 0 0 1 0 1 0 0 -1 0 0 0 -1 1 1 0 0 0 1 1 0 -1 0 -1 0 1 0 0 0 0 0 0 -1 -1 0 -1 0 0 -1 -1 1 0 1 -1 -1 0 1 1 -1 -1 0 -1 0 1 0 -1 -1 0 0 -1 0 1 -1 -1 -1 0 0 0 -1 -1 1 -1 -1 0 0 -1 1 -1 -1 -1 0 0 -1 -1 
0 1 1 0 0 0 0 1 0 1 1 1 0 1 1 0 0 0 1 1 1 1 0 0 0 0 1 1 1 1 0 1 1 0 1 1 0 0 0 1 1 1 1 0 0 1 1 0 -1 1 1 1 1 0 0 1 1 1 1 1 1 0 1 1 0 1 0 0 0 0 0 1 0 0 0 1 0 1 1 1 1 1 1 1 1 1 0 1 1 0 0 1 1 1 0 1 0 1 1 1 
0 0 0 -1 0 0 0 1 0 -1 1 0 0 1 0 0 0 0 0 1 0 0 -1 0 1 0 0 1 1 1 1 0 0 0 0 0 0 1 0 0 0 1 0 0 0 0 0 0 -1 -1 0 0 0 0 0 1 0 0 1 -1 -1 0 1 0 0 1 0 1 0 0 0 1 0 1 0 0 0 0 0 1 0 0 0 1 0 1 0 1 0 0 0 1 0 1 0 1 1 0 0 1 
0 0 0 0 1 0 1 0 1 0 0 0 1 0 0 0 1 1 0 0 0 0 0 0 0 0 0 0 0 0 0 0 0 1 0 0 1 0 0 0 0 0 0 0 1 0 0 0 0 0 0 0 0 1 0 0 0 0 0 0 0 0 0 0 0 0 1 0 1 0 0 0 0 0 1 0 1 0 0 0 0 0 0 0 0 0 0 0 0 1 1 0 0 0 0 0 0 0 0 0 
0 1 1 0 0 0 0 0 0 1 0 0 0 0 0 0 0 0 0 0 0 1 0 1 0 0 0 1 1 0 0 0 0 0 1 0 0 0 0 0 0 1 0 1 0 1 1 0 -1 1 1 1 1 0 0 1 1 0 0 0 1 0 1 1 0 0 0 0 0 0 1 0 1 0 0 0 0 0 1 1 1 1 0 0 1 0 0 1 1 0 0 0 1 1 0 1 1 1 1 0 
1 1 0 0 0 0 0 1 0 0 1 1 0 0 0 0 0 0 1 1 1 0 0 1 1 0 1 0 1 0 0 0 0 0 1 0 0 1 0 0 0 1 1 0 0 -1 1 0 1 1 1 1 1 0 0 -1 0 0 0 1 1 0 1 0 0 0 0 1 0 0 0 1 1 1 0 0 0 1 1 1 1 0 0 0 1 1 0 1 1 0 0 1 1 1 0 1 1 0 1 1 
0 1 1 -1 0 0 0 0 0 0 1 1 0 0 1 0 0 0 0 1 0 1 -1 1 1 0 1 1 1 1 1 0 0 0 1 0 0 1 0 1 0 1 1 1 0 1 1 1 -1 1 0 1 1 0 0 1 0 1 0 1 1 0 1 0 0 1 0 0 0 0 0 1 1 0 0 1 0 1 1 0 1 0 1 0 1 1 1 1 0 0 0 1 1 1 0 1 1 0 1 0 
0 1 0 -1 0 0 0 0 0 0 1 1 0 0 1 1 0 0 0 1 1 1 1 1 1 0 0 0 1 0 1 0 1 0 1 0 0 1 0 0 0 1 1 1 0 0 0 1 -1 1 1 1 1 0 -1 -1 1 0 1 1 0 0 1 1 1 1 0 0 0 1 0 1 0 1 0 1 0 1 1 1 1 1 1 0 1 1 1 -1 1 0 0 1 1 1 0 0 1 0 1 0 
0 0 -1 -1 0 0 0 1 0 0 1 1 0 1 0 0 0 0 0 1 0 0 1 0 1 0 0 0 1 1 0 0 1 0 1 0 0 1 0 0 0 0 1 0 0 0 0 1 -1 -1 0 1 0 0 -1 -1 0 0 1 1 -1 0 1 0 0 1 0 -1 0 0 0 0 -1 1 0 0 0 0 0 0 0 1 0 1 0 -1 0 1 -1 0 0 0 1 -1 0 1 0 1 0 1 
0 0 0 -1 0 0 0 1 0 -1 1 1 0 0 0 0 0 0 0 0 0 0 0 1 0 0 0 0 0 0 0 1 1 0 1 -1 0 0 0 0 0 1 0 0 0 0 0 0 -1 -1 0 0 0 0 0 -1 0 0 1 0 -1 0 1 0 0 0 0 0 0 0 0 0 -1 -1 0 0 0 0 -1 1 -1 0 0 0 1 -1 -1 1 -1 0 0 -1 0 0 -1 1 0 0 1 0 
0 1 0 -1 0 0 0 1 0 0 0 1 0 -1 1 0 0 0 1 1 0 1 0 1 0 0 0 0 0 1 1 1 0 0 1 0 0 1 1 0 0 0 0 1 0 1 0 0 1 0 0 1 1 0 1 1 0 0 0 0 1 0 1 1 0 1 0 0 0 0 1 0 0 0 0 0 0 1 0 0 0 0 0 1 0 0 1 1 1 0 0 1 0 0 0 0 0 0 0 0 
0 0 0 0 1 0 1 0 1 0 0 0 1 0 0 0 1 1 0 0 0 0 0 0 0 1 0 0 0 0 0 0 0 0 0 0 1 0 0 0 0 0 0 0 1 0 0 0 0 0 0 0 0 1 0 0 0 0 0 0 0 0 0 0 0 0 1 0 1 0 0 0 0 0 1 0 1 0 0 0 0 0 0 0 0 0 0 0 0 1 1 0 0 0 0 0 0 0 0 0 
1 1 1 1 0 0 0 0 0 1 1 1 0 1 1 1 0 0 1 1 1 1 1 1 0 0 1 1 1 1 1 1 1 0 0 1 0 1 1 0 1 1 1 1 0 1 1 1 1 1 1 1 1 0 1 1 1 1 1 1 1 1 1 -1 1 1 0 1 0 1 0 1 1 1 0 1 0 1 1 1 1 1 1 1 1 1 1 1 1 0 0 1 1 1 1 1 1 1 1 1 
0 1 0 -1 0 0 0 0 0 1 0 0 0 0 1 0 0 0 0 0 0 1 1 1 0 0 0 0 0 0 0 -1 0 0 1 0 0 0 1 -1 1 1 1 0 0 1 0 0 0 1 0 1 0 0 0 1 0 0 1 -1 -1 1 0 1 0 -1 0 1 0 1 0 0 1 1 0 -1 0 -1 1 0 0 0 0 0 1 0 0 -1 1 0 0 1 1 0 -1 0 1 0 1 0 
0 0 0 0 1 0 1 0 1 0 0 0 1 0 0 0 1 1 0 0 0 0 0 0 0 1 0 0 0 0 0 0 0 1 0 0 0 0 0 0 0 0 0 0 1 0 0 0 0 0 0 0 0 1 0 0 0 0 0 0 0 0 0 0 0 0 1 0 1 0 0 0 0 0 1 0 1 0 0 0 0 0 0 0 0 0 0 0 0 1 1 0 0 0 0 0 0 0 0 0 
0 1 -1 0 0 0 0 0 0 0 1 1 0 1 1 0 0 0 1 0 0 0 -1 0 1 0 0 1 1 1 1 0 1 0 1 0 0 0 1 0 0 1 1 1 0 1 1 0 1 1 1 1 1 0 1 0 0 0 0 -1 0 0 0 1 1 1 0 1 0 1 0 1 0 1 0 1 0 1 1 1 1 0 0 0 1 0 1 1 -1 0 0 1 1 0 1 1 1 0 1 0 
0 1 1 -1 0 1 0 0 0 0 0 0 0 1 0 1 0 0 1 1 1 1 0 0 0 0 0 0 0 0 0 0 1 0 1 1 0 1 0 0 1 1 0 1 0 1 0 1 1 1 0 1 0 0 1 1 0 1 0 0 1 1 0 0 0 1 0 1 0 0 1 0 1 0 0 0 0 0 1 0 1 1 0 1 1 1 0 0 1 0 0 1 1 1 1 0 0 1 1 1 
0 0 0 0 0 1 0 0 0 0 1 0 0 1 0 0 0 0 0 1 1 0 -1 1 0 0 0 0 1 0 0 0 0 0 0 -1 0 0 0 0 -1 0 1 0 0 0 0 1 -1 0 0 -1 -1 0 0 -1 0 0 0 0 0 0 0 0 -1 0 0 0 0 -1 0 1 0 0 0 -1 0 0 0 0 0 0 0 1 0 0 -1 0 0 0 0 0 0 0 -1 0 0 0 0 0 
0 0 0 0 0 1 0 0 0 0 0 0 0 0 0 1 0 0 0 0 0 0 0 1 0 0 0 0 0 0 0 0 0 0 1 1 0 0 1 -1 0 1 -1 1 0 1 0 1 0 1 1 1 0 0 0 1 0 1 0 0 0 0 1 1 1 1 0 1 0 1 0 1 0 1 0 1 0 0 1 0 0 0 0 0 1 0 0 0 0 0 0 0 1 1 1 0 0 1 1 0 
1 1 1 -1 0 0 0 0 0 1 1 1 0 1 1 0 0 0 1 1 1 1 1 1 1 0 1 1 1 1 0 1 0 0 1 1 0 1 1 0 1 0 1 1 0 1 1 0 1 1 1 1 1 0 1 1 1 1 1 1 1 1 1 1 0 1 0 0 0 1 0 1 1 1 0 1 0 1 1 1 1 1 1 0 1 0 1 1 1 0 0 1 1 1 0 1 0 1 1 1 
0 1 0 0 0 1 0 0 0 1 1 1 0 1 1 1 0 0 1 1 1 1 0 1 0 0 0 1 1 1 1 0 0 0 1 1 0 1 0 1 -1 1 0 1 0 1 1 1 -1 1 1 1 1 0 1 1 1 1 1 1 -1 0 1 0 1 1 0 0 0 1 0 1 0 1 0 0 0 1 1 1 1 0 1 0 1 1 1 1 1 0 0 1 1 0 1 1 0 1 1 1 
0 1 1 -1 0 1 0 0 0 1 0 1 0 0 1 1 0 0 1 1 1 1 0 0 0 0 1 0 1 1 0 0 1 0 1 0 0 1 1 0 1 1 1 0 0 1 1 0 1 1 1 1 1 0 1 1 1 1 0 1 1 1 0 1 0 1 0 1 0 0 1 1 1 1 0 0 0 -1 1 1 1 1 1 1 1 1 1 0 1 0 0 1 1 1 0 0 0 1 1 0 
0 0 0 0 1 -1 1 0 1 0 0 0 1 0 0 0 1 1 0 0 0 0 0 0 0 1 0 0 0 0 0 0 0 1 0 0 1 0 0 0 0 0 0 0 0 0 0 0 0 0 0 0 0 1 0 0 0 0 0 0 0 0 0 0 0 0 1 0 1 0 0 0 0 0 1 0 1 0 0 0 0 0 0 0 0 0 0 0 0 1 1 0 0 0 0 0 0 0 0 0 
0 1 1 0 0 0 0 1 0 1 1 1 0 0 1 1 0 0 1 1 1 0 0 1 0 0 1 -1 1 0 0 0 1 0 1 1 0 1 1 0 1 1 1 1 0 0 1 1 -1 1 1 1 0 0 1 1 0 0 0 1 1 1 1 1 0 1 0 1 0 1 1 1 1 0 0 0 0 1 1 1 1 1 1 0 1 0 1 1 1 0 0 1 1 1 0 1 0 1 1 1 
0 1 1 0 0 0 0 0 0 1 0 1 0 0 1 1 0 0 1 1 0 0 0 1 0 0 1 1 1 0 0 0 0 0 1 0 0 1 0 0 0 1 1 1 0 1 0 0 -1 1 0 0 0 0 1 1 0 1 -1 1 1 1 0 1 0 0 0 0 0 0 0 0 1 0 0 1 0 0 1 1 1 0 0 0 1 1 0 1 1 0 0 1 1 0 1 0 0 1 1 0 
0 0 1 0 0 0 0 0 0 1 1 0 0 1 0 0 0 0 0 1 1 1 0 0 0 0 0 0 1 1 1 0 0 0 1 0 0 0 1 1 1 0 1 0 0 1 0 0 1 0 0 1 1 0 0 1 1 0 0 1 0 0 0 0 1 1 0 0 0 1 1 1 0 1 0 1 0 1 0 0 1 0 1 1 1 0 1 0 1 0 0 0 1 0 1 0 0 0 1 1 
-1 1 0 -1 0 0 0 -1 0 -1 -1 0 0 -1 1 1 0 0 0 1 1 1 -1 -1 -1 0 -1 1 -1 -1 -1 -1 1 0 1 0 0 1 1 -1 0 1 -1 1 0 -1 -1 1 0 1 0 0 0 0 1 -1 -1 0 -1 -1 -1 1 -1 -1 1 0 0 1 0 -1 1 -1 1 1 0 -1 0 0 0 0 1 0 -1 -1 -1 -1 1 1 1 0 0 -1 -1 0 0 -1 0 0 -1 -1 
-1 1 1 -1 0 0 0 -1 0 1 0 1 0 0 1 1 0 0 1 1 1 1 -1 1 -1 0 1 1 1 1 -1 -1 0 0 1 1 0 1 1 0 1 1 1 1 0 1 1 0 1 1 1 1 1 0 1 1 1 1 1 1 1 1 1 1 0 0 0 1 0 1 1 1 1 1 0 1 0 1 1 1 1 1 1 0 1 1 0 1 1 0 0 1 1 -1 0 0 -1 0 1 1 
1 1 1 0 0 0 0 0 0 1 0 1 0 0 1 1 0 0 1 0 0 1 0 1 0 0 1 1 0 1 0 0 0 0 1 0 0 1 0 0 1 1 1 1 0 1 0 0 0 1 0 1 0 0 1 1 0 1 0 1 1 0 0 0 1 1 0 1 0 0 1 0 1 1 0 0 0 0 1 1 1 1 1 0 1 1 0 1 1 0 0 1 1 1 0 1 1 0 1 0 
0 1 1 -1 0 1 0 0 0 1 1 1 0 1 1 1 0 0 0 1 0 1 -1 1 0 0 1 1 1 1 1 0 1 0 1 1 0 1 1 -1 1 1 1 1 0 1 0 1 0 1 1 0 1 0 1 1 1 1 0 1 1 0 1 -1 1 1 0 1 0 1 1 1 1 0 0 1 0 1 1 1 1 1 1 0 1 1 0 1 1 0 0 1 1 1 1 1 1 1 1 1 
1 1 1 -1 0 1 0 1 0 1 0 1 0 1 1 1 0 0 1 0 1 1 0 1 0 0 1 1 1 1 0 0 1 0 1 0 0 1 0 -1 0 1 1 1 0 0 0 1 0 1 0 1 0 0 1 1 1 1 0 0 1 0 1 1 1 1 0 0 0 0 1 1 0 1 0 0 0 1 1 1 1 1 0 1 1 1 1 1 1 0 0 1 1 1 0 1 1 0 1 1 
0 0 0 0 1 0 1 0 1 0 0 0 1 0 0 0 1 1 0 0 0 1 0 0 0 1 0 0 0 0 0 0 0 1 0 0 1 0 0 0 0 0 0 0 1 0 0 0 0 0 0 0 0 0 0 0 0 0 0 0 0 0 0 0 0 0 1 0 1 0 0 0 0 0 1 0 1 0 0 0 0 0 0 0 0 0 0 0 0 1 1 0 0 0 0 0 0 0 0 0 
-1 1 1 -1 0 0 0 -1 0 1 0 1 0 0 1 1 0 0 1 0 0 1 -1 0 0 0 0 0 0 -1 -1 0 1 0 1 0 0 1 1 0 0 1 1 1 0 1 1 0 1 1 1 1 1 0 0 -1 0 1 0 0 -1 0 0 1 0 0 0 1 0 0 0 0 0 -1 0 0 0 0 1 1 1 0 0 0 1 1 0 1 1 0 0 1 1 0 0 0 -1 0 1 0 
0 1 1 1 0 -1 0 -1 0 1 -1 0 0 -1 1 -1 0 0 0 0 0 1 -1 1 1 0 1 -1 1 -1 -1 -1 1 0 1 1 0 0 1 -1 1 1 1 1 0 1 1 1 -1 1 1 1 1 0 -1 1 1 1 -1 0 1 -1 1 -1 1 1 0 1 0 -1 0 -1 0 -1 0 1 0 0 1 1 1 1 1 -1 1 -1 1 1 -1 0 0 1 1 -1 0 1 -1 1 1 1 
1 1 0 1 0 0 0 0 0 1 0 1 0 1 1 0 0 0 0 0 0 1 1 1 0 0 1 0 0 1 0 0 0 0 1 0 0 0 0 0 0 1 1 1 0 0 0 1 -1 1 0 1 1 0 0 1 0 1 0 0 0 0 1 0 0 0 0 0 0 0 0 0 0 1 0 0 0 1 0 0 0 0 1 0 1 0 1 1 1 0 0 0 0 1 1 0 0 0 1 1 
0 1 1 0 0 1 0 1 0 0 1 1 0 1 1 1 0 0 1 1 0 1 0 1 0 0 0 0 1 0 0 0 0 0 1 0 0 0 1 0 1 1 1 1 0 0 1 0 0 1 1 1 1 0 1 1 1 0 0 0 1 1 0 0 1 1 0 1 0 1 0 0 0 0 0 1 0 1 0 0 1 1 1 1 1 0 1 1 1 0 0 0 1 0 1 0 0 0 1 1 
0 0 -1 0 0 0 0 1 0 1 1 0 0 1 -1 0 0 0 0 0 0 1 1 1 1 0 0 0 0 1 1 1 0 0 1 1 0 0 0 0 0 1 1 0 0 0 -1 0 -1 1 0 0 0 0 0 -1 0 0 0 1 -1 0 0 0 0 0 0 0 0 1 0 0 0 1 0 1 0 1 0 0 0 0 0 0 0 1 1 0 -1 0 0 1 0 0 0 0 0 0 0 0 
0 0 1 -1 0 0 0 1 0 0 -1 0 0 1 1 1 0 0 0 1 0 1 -1 1 -1 0 0 1 1 1 1 0 0 0 1 -1 0 -1 0 0 0 1 1 1 0 1 1 1 -1 1 1 1 0 0 0 0 0 0 1 0 0 1 1 0 0 1 0 1 0 0 0 0 0 0 0 1 0 1 1 1 1 0 1 0 1 1 1 0 1 0 0 1 1 -1 0 0 0 1 1 1 
0 1 1 -1 0 0 0 0 0 0 -1 1 0 1 1 1 0 0 0 1 1 1 -1 1 -1 0 1 1 1 0 -1 -1 1 0 1 -1 0 0 1 0 0 1 -1 1 0 1 1 0 -1 1 1 1 1 0 -1 1 0 1 -1 0 0 0 1 -1 1 1 0 1 0 1 0 -1 -1 0 0 0 0 1 1 0 0 1 1 1 1 0 1 1 -1 0 0 0 1 1 0 -1 0 1 1 0 
0 -1 1 -1 0 0 0 0 0 1 0 0 0 0 1 1 0 0 1 0 1 1 0 0 0 0 0 0 0 0 0 0 0 0 1 1 0 0 1 0 0 1 0 1 0 1 1 0 1 1 0 0 0 0 0 -1 0 1 0 1 0 0 0 1 0 1 0 1 0 1 0 0 1 0 0 0 0 0 1 0 1 0 0 0 0 1 0 0 1 0 0 1 1 1 0 0 0 0 0 0 
0 1 1 0 0 0 0 1 0 1 1 1 0 0 1 0 0 0 0 0 0 0 1 1 1 0 1 1 1 1 1 1 1 0 1 0 0 0 0 0 1 1 1 0 0 1 0 0 -1 1 0 1 1 0 0 1 1 0 0 1 1 0 0 0 1 1 0 -1 0 0 0 0 0 1 0 0 0 1 1 1 0 1 0 0 1 1 0 0 1 0 0 1 1 0 0 1 0 1 1 0 
-1 1 1 0 0 0 0 0 0 0 0 0 0 0 0 1 0 0 1 0 0 1 1 1 0 0 1 0 0 1 0 0 1 0 -1 1 0 1 0 0 1 1 0 1 0 1 1 0 -1 1 0 -1 1 0 1 -1 0 0 0 0 -1 1 0 0 0 0 0 0 0 1 0 0 0 1 0 -1 0 0 0 1 1 0 0 0 1 1 0 1 1 0 0 1 1 1 0 1 0 1 1 0 
0 0 1 -1 0 0 0 0 0 0 0 0 0 0 0 0 0 0 1 1 0 1 -1 0 0 0 0 0 0 1 0 0 0 0 1 0 0 1 0 -1 1 0 1 0 0 0 0 1 1 0 1 1 1 0 0 1 0 1 0 0 1 0 1 0 0 1 0 0 0 0 0 0 0 1 0 1 0 0 0 0 0 0 0 0 1 0 1 0 0 0 0 1 1 0 0 0 0 0 1 1 
0 1 1 -1 0 0 0 0 0 0 0 0 0 0 0 1 0 0 1 0 1 1 -1 1 1 0 0 0 1 1 1 0 1 0 1 -1 0 1 1 0 1 1 1 1 0 1 0 1 0 0 1 1 1 0 0 1 0 1 0 1 1 1 1 0 1 0 0 1 0 0 0 0 1 1 0 1 0 0 1 0 1 1 1 1 1 1 1 1 1 0 0 1 1 0 0 0 0 1 1 1 
0 0 0 0 1 0 1 0 1 0 0 0 1 0 0 0 1 1 0 0 0 0 0 0 0 1 0 0 0 0 0 0 0 1 0 0 1 0 0 0 0 0 0 0 1 0 0 0 0 0 0 0 0 1 0 0 0 0 0 0 0 0 0 0 0 0 0 0 1 0 0 0 0 0 1 0 1 0 0 0 0 0 0 0 0 0 0 0 0 1 1 0 0 0 0 0 0 0 0 0 
-1 1 1 0 0 0 0 0 0 0 0 0 0 0 0 1 0 0 1 1 1 1 -1 0 1 0 0 1 0 0 -1 0 0 0 1 1 0 1 1 0 1 0 0 1 0 1 0 0 1 1 1 1 0 0 1 1 0 1 0 1 1 1 -1 0 0 1 0 0 0 0 1 1 1 0 0 0 0 1 1 1 1 0 0 0 1 0 0 1 1 0 0 1 1 -1 0 0 0 1 1 0 
0 0 0 0 1 0 1 0 1 0 0 0 1 0 0 0 1 1 0 0 0 0 0 0 0 1 0 0 0 0 0 0 0 1 0 0 1 0 0 0 0 0 0 0 1 0 0 0 0 0 0 0 0 1 0 0 0 0 0 0 0 0 0 0 0 0 1 0 0 0 0 0 0 0 1 0 1 0 0 0 0 0 0 0 0 0 0 0 0 1 1 0 0 0 0 0 0 0 0 0 
0 1 0 -1 0 0 0 0 0 0 0 0 0 0 1 1 0 0 0 1 1 1 1 0 0 0 0 0 0 1 0 0 0 0 1 1 0 1 0 -1 1 1 1 0 0 1 0 1 -1 1 0 1 0 0 0 -1 0 1 1 0 1 1 0 1 0 0 0 0 0 1 0 0 0 1 0 0 0 0 0 0 1 0 0 0 0 0 0 0 0 0 0 0 1 -1 0 0 1 0 0 0 
0 1 0 0 0 0 0 1 0 0 0 1 0 0 1 0 0 0 1 0 0 1 0 0 0 0 1 0 0 0 0 0 1 0 0 0 0 0 1 0 0 0 0 1 0 1 0 1 1 1 1 1 1 0 0 0 0 0 0 0 0 0 0 0 0 0 0 1 0 0 0 0 0 0 0 0 0 0 1 0 1 0 0 0 0 0 1 1 0 0 0 1 1 0 0 1 0 0 0 0 
0 0 1 0 0 0 0 1 0 0 1 1 0 1 0 0 0 0 0 1 0 1 -1 1 1 0 0 1 1 1 0 0 0 0 1 0 0 1 0 1 1 1 1 1 0 1 0 1 -1 1 0 1 1 0 0 -1 0 0 0 0 -1 0 0 0 0 0 0 1 0 0 0 0 0 1 0 1 0 1 1 1 0 0 0 0 0 0 0 1 0 0 0 1 0 -1 0 1 1 0 0 0 
0 0 1 -1 0 0 0 -1 0 0 -1 0 0 0 1 1 0 0 -1 1 1 1 -1 0 0 0 1 1 1 0 -1 -1 0 0 1 1 0 0 1 0 0 1 0 1 0 1 1 0 1 1 1 1 0 0 0 0 0 0 0 0 -1 1 0 0 0 1 0 1 0 0 0 0 0 1 0 0 0 0 1 1 1 1 1 0 1 1 0 1 1 0 0 1 1 -1 0 -1 0 1 1 0 
0 0 1 -1 0 1 0 0 0 0 1 0 0 1 1 1 0 0 0 0 1 1 0 0 1 0 0 1 0 1 1 -1 0 0 1 1 0 1 0 0 1 1 1 1 0 0 0 1 1 1 1 0 1 0 -1 -1 1 0 1 0 0 0 1 1 1 1 0 0 0 1 0 1 1 0 0 0 0 0 1 1 1 0 1 0 1 1 0 0 1 0 0 0 0 0 1 0 1 0 1 0 
0 0 0 0 1 0 1 0 1 0 0 0 1 0 0 0 1 1 0 0 0 0 0 0 0 1 0 0 0 0 0 0 0 1 0 0 1 0 0 0 0 0 0 0 1 0 0 0 0 0 0 0 0 1 0 0 0 0 0 0 0 0 0 0 0 0 1 0 1 0 0 0 0 0 0 0 1 0 0 0 0 0 0 0 0 0 0 0 0 1 1 0 0 0 0 0 0 0 0 0 
-1 -1 0 0 0 -1 0 0 0 0 0 0 0 -1 1 0 0 0 0 1 1 1 -1 1 0 0 0 0 1 1 0 0 0 0 1 -1 0 1 0 -1 1 1 0 0 0 0 1 1 -1 1 0 1 0 0 0 1 0 1 1 1 0 0 0 -1 1 1 0 0 0 0 0 1 0 0 0 1 0 0 1 0 1 0 0 -1 0 1 1 -1 0 0 0 1 1 0 0 0 1 0 0 1 
0 0 0 0 1 0 1 0 1 0 0 0 1 0 0 0 1 1 0 0 0 0 0 0 0 1 0 0 0 0 0 0 0 1 0 0 1 0 0 0 0 0 0 0 1 0 0 0 0 0 0 0 0 1 0 0 0 0 0 0 0 0 0 0 0 0 1 0 1 0 0 0 0 0 1 0 0 0 0 0 0 0 0 0 0 0 0 0 0 1 1 0 0 0 0 0 0 0 0 0 
1 -1 1 -1 0 0 0 1 0 0 0 1 0 0 0 0 0 0 1 0 0 1 1 1 0 0 0 1 1 1 0 0 1 0 1 -1 0 1 0 0 0 1 1 -1 0 1 0 1 0 1 0 1 1 0 0 0 1 1 1 1 1 0 1 0 0 0 0 1 0 0 0 1 0 0 0 0 0 0 1 1 1 0 0 0 1 1 1 1 1 0 0 1 1 0 0 1 0 0 1 0 
-1 1 1 -1 0 0 0 0 0 1 0 0 0 0 1 1 0 0 1 0 1 -1 -1 1 0 0 1 1 1 1 0 -1 0 0 1 1 0 1 1 0 1 1 1 1 0 1 1 0 0 1 1 1 1 0 1 1 0 0 0 1 1 1 1 0 0 1 0 1 0 0 1 1 1 1 0 1 0 1 0 1 1 1 1 1 1 1 0 1 1 0 0 1 1 -1 0 0 0 1 1 1 
0 1 1 0 0 0 0 0 0 1 0 1 0 1 1 1 0 0 1 0 0 1 -1 1 1 0 1 1 0 1 0 1 0 0 1 0 0 1 0 0 0 1 1 1 0 1 1 0 0 1 1 1 1 0 1 1 0 0 0 1 0 0 1 1 0 0 0 1 0 0 0 1 1 1 0 0 0 1 1 0 1 1 0 0 1 1 0 1 1 0 0 1 1 1 0 1 1 1 1 -1 
0 1 1 -1 0 0 0 -1 0 1 0 0 0 0 1 1 0 0 1 0 1 1 -1 1 0 0 1 1 1 1 0 -1 0 0 1 0 0 1 1 0 0 1 1 1 0 1 1 1 1 1 1 1 1 0 1 1 0 1 0 1 0 1 0 1 0 1 0 1 0 1 1 0 1 1 0 1 0 1 1 1 0 1 0 0 1 1 0 1 0 0 0 1 1 1 0 0 0 0 1 0 
1 1 1 -1 0 0 0 0 0 1 0 0 0 1 1 1 0 0 1 0 0 0 0 1 0 0 1 0 0 1 1 0 0 0 1 0 0 0 1 0 0 1 0 1 0 1 0 0 0 1 1 1 1 0 0 1 0 1 0 0 1 0 1 0 0 1 0 0 0 0 0 0 1 0 0 0 0 0 1 1 1 0 1 0 1 1 1 1 1 0 0 1 0 1 0 0 0 0 1 1 
0 1 1 0 0 1 0 0 0 0 0 1 0 0 1 0 0 0 1 1 1 1 0 1 0 0 0 0 1 1 0 0 0 0 1 0 0 0 0 0 0 1 1 1 0 1 0 1 -1 1 1 1 0 0 0 1 1 1 0 1 1 0 0 0 0 1 0 0 0 0 0 0 1 1 0 0 0 0 1 0 0 1 0 0 1 1 1 1 1 0 0 0 1 0 1 0 0 1 1 0 
-1 1 0 1 0 1 0 1 0 0 0 1 0 1 0 0 0 0 0 1 1 1 0 1 1 0 0 0 0 0 1 0 1 0 1 0 0 0 1 1 0 0 0 1 0 0 0 1 -1 0 0 0 1 0 0 -1 0 1 0 0 1 0 0 0 0 1 0 0 0 0 0 0 0 0 0 -1 0 0 1 0 0 0 0 0 1 1 0 0 1 0 0 0 0 0 -1 0 0 0 1 0 
0 1 1 1 0 1 0 0 0 1 0 1 0 0 1 1 0 0 1 1 1 1 -1 1 0 0 1 1 1 1 0 1 0 0 1 1 0 1 1 0 1 1 1 1 0 1 1 1 -1 1 1 1 1 0 1 1 1 1 0 1 1 0 1 1 1 1 0 1 0 0 0 0 1 1 0 0 0 1 1 1 1 1 1 1 0 1 1 1 1 0 0 1 1 1 0 1 0 1 0 0 
-1 1 1 -1 0 0 0 1 0 1 1 1 0 1 1 1 0 0 1 -1 1 1 -1 1 1 0 0 1 1 1 -1 -1 0 0 1 0 0 0 1 0 0 0 1 1 0 0 1 0 -1 1 1 1 1 0 1 -1 0 0 1 1 0 1 1 1 0 1 0 0 0 0 0 0 1 1 0 1 0 1 1 1 1 1 1 1 1 0 0 1 1 0 0 1 1 -1 0 1 1 1 1 1 
0 1 1 0 0 0 0 1 0 0 0 1 0 1 0 -1 0 0 1 1 1 1 1 0 0 0 0 0 1 1 0 -1 1 0 1 0 0 1 0 -1 0 1 1 1 0 1 0 1 1 0 0 0 1 0 0 1 1 1 1 1 1 0 0 0 1 1 0 0 0 0 1 0 0 0 0 1 0 1 0 0 0 1 1 0 1 0 1 1 1 0 0 1 0 0 1 0 0 1 1 1 
1 1 1 1 0 0 0 1 0 1 1 1 0 1 1 1 0 0 1 0 0 1 -1 1 1 0 1 1 1 -1 1 1 1 0 1 -1 0 1 0 0 0 1 1 0 0 1 1 0 1 1 1 1 1 0 1 1 1 1 0 0 1 0 0 1 0 1 0 1 0 0 1 1 1 0 0 -1 0 1 1 1 1 1 1 0 1 1 1 0 1 0 0 1 1 1 0 1 1 0 1 1 
0 0 1 -1 0 1 0 -1 0 1 0 1 0 0 1 1 0 0 1 1 0 1 -1 1 0 0 1 1 0 1 -1 -1 1 0 1 1 0 -1 1 0 0 1 1 1 0 1 1 1 1 1 1 1 1 0 1 -1 1 1 -1 1 -1 1 1 1 0 1 0 1 0 0 0 0 1 1 0 0 0 1 1 1 0 1 1 1 1 1 1 1 0 0 0 1 1 1 0 0 0 1 1 0 
0 0 0 0 1 0 1 0 1 0 0 0 1 0 0 0 1 1 0 0 0 0 0 0 0 1 0 0 0 0 0 0 0 1 0 0 1 0 0 0 0 0 0 0 1 0 0 0 0 0 0 0 0 1 0 0 0 0 0 0 0 0 0 0 0 0 1 0 1 0 0 0 0 0 1 0 1 0 0 0 0 0 0 0 0 0 0 0 0 0 1 0 0 0 0 0 0 0 0 0 
0 0 0 0 1 0 1 0 1 0 0 0 1 0 0 0 1 1 0 0 0 0 0 0 0 1 0 0 0 0 0 0 0 1 0 0 1 0 0 0 0 0 0 0 1 0 0 0 0 0 0 0 0 1 0 0 0 0 0 0 0 0 0 0 0 0 1 0 1 0 0 0 0 0 1 0 1 0 0 0 0 0 0 0 0 0 0 0 0 1 0 0 0 0 0 0 0 0 0 0 
0 1 1 -1 0 0 0 0 0 0 1 1 0 0 1 1 0 0 1 1 0 1 -1 1 1 0 0 1 1 1 0 -1 1 0 1 1 0 1 1 0 0 1 1 1 0 1 1 0 -1 1 1 1 1 0 1 1 0 0 1 1 0 1 1 1 1 1 0 1 0 0 1 1 1 0 0 1 0 1 1 1 1 1 0 0 1 1 1 1 1 0 0 1 1 1 0 1 1 1 1 0 
0 1 0 -1 0 1 0 0 0 1 0 0 0 0 1 1 0 0 1 1 1 1 1 1 0 0 1 1 1 1 1 0 0 0 1 1 0 1 1 0 1 1 1 1 0 1 1 1 -1 1 1 1 1 0 1 1 0 1 0 1 1 1 1 1 1 1 0 1 0 1 1 0 1 0 0 1 0 1 1 1 1 0 1 0 1 1 0 1 1 0 0 1 0 1 0 1 0 1 1 0 
1 0 -1 0 0 0 0 0 0 1 1 1 0 0 1 0 0 0 0 0 0 0 -1 1 1 0 1 1 1 1 -1 0 0 0 1 0 0 0 1 0 1 1 0 1 0 1 0 0 0 -1 1 1 1 0 0 -1 1 0 0 -1 1 1 0 1 0 0 0 -1 0 -1 0 -1 -1 0 0 0 0 0 -1 1 1 1 0 0 1 -1 0 1 1 0 0 1 1 0 1 1 1 0 1 0 
0 0 1 0 0 1 0 0 0 0 0 1 0 1 1 0 0 0 0 1 0 1 -1 0 0 0 0 0 0 0 0 -1 0 0 1 -1 0 1 1 -1 1 0 1 0 0 0 1 1 0 0 0 1 0 0 0 0 1 1 0 0 0 0 0 0 0 0 0 0 0 0 0 0 0 1 0 0 0 0 0 0 0 0 1 -1 0 0 1 0 0 0 0 0 0 1 0 0 0 0 0 0 
0 0 0 0 0 0 0 1 0 0 0 1 0 0 0 0 0 0 0 0 0 0 -1 1 1 0 1 1 1 0 1 1 0 0 1 0 0 1 0 0 0 1 1 0 0 1 0 0 -1 0 1 1 1 0 0 1 0 0 0 0 -1 0 1 1 0 0 0 0 0 0 1 1 -1 0 0 0 0 1 0 1 0 0 0 0 1 1 0 1 0 0 0 1 1 1 0 0 1 0 1 0 
0 1 0 0 0 0 0 1 0 0 1 0 0 0 0 0 0 0 0 1 0 0 0 0 1 0 1 1 1 1 0 0 0 0 1 1 0 1 0 0 0 0 0 0 0 0 0 0 0 -1 1 1 1 0 -1 -1 0 0 0 0 0 0 0 0 0 0 0 0 0 1 0 1 0 1 0 1 0 0 0 1 0 0 0 0 0 1 0 1 0 0 0 1 0 1 0 1 0 0 0 0 
0 1 0 0 0 1 0 0 0 0 0 0 0 0 1 1 0 0 1 1 0 1 0 1 0 0 1 0 0 0 1 0 0 0 1 0 0 0 1 0 1 1 1 1 0 1 1 0 0 0 0 1 0 0 0 1 0 0 0 1 1 0 1 1 0 1 0 1 0 0 0 0 1 0 0 0 0 0 1 1 0 0 1 0 1 1 1 0 1 0 0 1 1 0 0 0 0 0 1 1 
0 1 1 1 0 1 0 0 0 1 0 1 0 0 1 1 0 0 1 1 1 1 -1 1 0 0 1 1 1 1 0 1 0 0 1 1 0 1 1 0 1 1 1 1 0 1 1 1 -1 1 1 1 1 0 1 1 1 1 0 1 1 0 1 1 1 1 0 1 0 0 0 0 1 1 0 0 0 1 1 1 1 1 1 1 0 1 1 1 1 0 0 1 1 1 0 1 0 1 0 0 
-1 1 -1 -1 0 0 0 0 0 1 -1 0 0 0 0 0 0 0 1 0 1 0 -1 1 1 0 0 1 0 0 1 0 0 0 1 0 0 0 1 0 0 1 1 0 0 1 0 1 -1 1 0 1 1 0 0 1 1 1 0 1 0 0 0 0 1 1 0 0 0 0 0 0 0 0 0 1 0 0 1 -1 0 1 0 0 0 1 1 1 0 0 0 0 0 0 0 0 0 1 0 0 

Epinions Vertices:
23, 5, 3249, 57053, 11689, 2285, 11731, 16995, 11851, 9282, 1017, 1037, 11722, 2292, 1502, 9846, 30901, 56145, 453, 855, 3176, 20, 1882, 4948, 1951, 11724, 10197, 317, 913, 11445, 23561, 661, 691, 11824, 450, 430, 11871, 1605, 3358, 666, 263, 1288, 671, 1296, 11703, 2339, 1487, 1027, 1682, 17011, 17376, 155, 10369, 30898, 7855, 966, 1287, 1328, 382, 16973, 3890, 4494, 1441, 2286, 1345, 3204, 11693, 52, 11874, 931, 2040, 1348, 5213, 6055, 11735, 1003, 11720, 2282, 2842, 17069, 17354, 4489, 3133, 1945, 1274, 33931, 1466, 1480, 4169, 11707, 11856, 3847, 1492, 8665, 161, 16936, 17013, 3168, 1274, 5882
NUM EDGES NEG = 247
NUM EDGES POS = 1838

