100
0 1 0 1 1 0 1 1 1 1 0 0 0 0 1 1 1 0 0 1 1 0 1 1 1 0 0 0 0 1 1 0 1 1 0 0 -1 1 1 0 0 1 0 1 0 0 0 0 1 1 1 0 0 1 0 1 0 0 1 1 1 1 0 1 1 0 1 1 1 1 0 1 0 0 0 1 1 1 1 0 0 0 1 0 1 1 0 1 0 1 1 1 0 1 0 1 1 1 0 1 
1 0 1 1 0 0 1 1 1 1 1 1 0 1 0 0 1 0 1 1 1 0 1 0 0 0 1 1 0 0 1 1 1 1 1 0 -1 1 1 0 0 1 1 1 1 1 -1 1 1 1 0 0 0 1 1 1 0 1 1 1 1 1 1 1 1 0 1 0 1 1 1 -1 0 0 1 0 1 1 1 -1 1 0 1 1 1 1 0 1 0 0 1 1 -1 1 0 1 1 1 -1 0 
0 1 1 0 -1 0 0 1 1 0 -1 1 1 1 0 1 -1 0 -1 0 0 0 0 -1 1 0 1 1 0 0 0 1 0 0 0 0 0 0 1 0 0 0 1 1 1 0 -1 0 1 0 1 0 0 1 0 -1 0 0 1 0 1 0 1 0 1 0 1 0 1 0 0 -1 1 0 0 1 1 0 -1 -1 0 1 0 0 0 1 1 0 1 0 0 1 -1 0 1 0 0 1 -1 0 
1 1 0 0 -1 0 -1 1 0 1 -1 0 0 1 1 1 -1 0 0 1 1 0 1 -1 -1 -1 1 -1 1 0 1 0 1 1 0 0 -1 0 0 1 1 1 1 1 1 1 -1 1 1 1 1 -1 -1 0 0 -1 1 0 0 1 1 1 1 1 1 0 1 1 1 1 1 -1 1 -1 1 1 -1 1 0 -1 0 0 0 0 -1 1 1 1 1 0 1 1 -1 1 -1 1 0 1 -1 1 
1 0 -1 -1 0 0 0 1 0 1 0 0 0 1 1 1 1 1 1 0 1 -1 0 1 0 1 0 0 0 0 1 0 1 1 -1 0 -1 1 1 0 0 1 0 1 0 0 -1 0 1 1 1 0 -1 1 0 0 0 0 -1 1 1 1 1 1 0 0 1 1 0 1 -1 0 0 0 0 0 1 1 1 -1 1 -1 1 1 1 -1 1 1 0 0 0 1 0 1 0 0 1 -1 0 0 
0 0 0 0 0 0 0 0 0 0 0 1 0 0 0 -1 0 0 0 0 -1 0 0 0 0 1 1 0 1 0 0 0 0 0 1 0 -1 0 0 0 0 0 0 0 0 0 0 0 0 0 0 0 0 0 0 0 0 1 1 0 0 1 1 0 0 0 1 0 0 0 0 0 0 1 -1 1 0 0 0 1 1 0 0 0 0 0 0 0 0 0 0 0 1 0 0 1 0 0 1 0 
1 1 0 -1 0 0 0 0 0 1 1 0 0 0 1 0 1 1 1 1 0 -1 1 1 0 1 0 -1 0 0 1 1 1 -1 0 0 -1 1 1 0 0 1 0 1 -1 0 -1 0 -1 1 1 -1 -1 1 -1 1 0 0 0 0 1 1 1 1 1 0 0 1 1 1 -1 0 -1 0 -1 1 1 1 1 0 1 0 1 1 0 1 1 1 0 0 1 1 0 1 0 1 1 1 1 1 
1 1 1 1 1 0 0 0 1 1 -1 -1 0 1 1 1 1 1 1 1 1 1 0 1 1 1 0 1 0 0 1 0 1 1 -1 1 1 1 1 1 1 1 1 1 1 0 -1 1 1 0 1 1 0 1 0 1 0 0 0 1 1 1 1 1 1 1 1 1 1 1 1 -1 1 0 0 0 1 1 1 -1 1 1 1 -1 1 1 1 0 1 0 0 1 -1 1 1 1 1 1 0 1 
1 1 1 0 0 0 0 1 1 0 -1 0 0 1 0 -1 0 1 1 1 1 1 0 -1 0 0 1 1 0 0 0 1 1 1 0 1 0 0 1 1 1 0 0 0 1 1 0 1 0 0 0 -1 0 1 0 0 0 0 1 1 1 1 1 1 1 0 1 0 1 0 1 -1 1 0 0 0 1 1 -1 -1 1 0 0 0 1 1 1 0 0 0 0 1 0 1 0 1 1 1 0 0 
1 1 0 1 1 0 1 1 0 0 1 0 0 -1 1 0 1 1 1 0 1 0 1 1 0 0 0 1 0 0 1 0 1 1 0 0 0 1 1 1 1 1 0 1 1 -1 -1 -1 0 1 0 -1 0 1 1 1 1 0 0 0 1 1 1 0 0 0 1 1 0 0 1 -1 0 0 0 1 0 1 0 -1 1 -1 1 1 1 0 0 1 -1 0 1 0 1 1 1 0 1 1 0 1 
0 1 -1 -1 0 0 1 -1 -1 1 0 -1 1 0 1 -1 1 1 0 -1 1 -1 0 -1 -1 1 0 1 0 1 1 0 1 1 1 0 -1 1 1 0 1 1 0 -1 1 0 0 -1 1 0 1 -1 -1 1 0 1 0 -1 0 1 -1 0 -1 1 1 1 -1 1 -1 1 -1 1 -1 -1 0 1 1 1 0 -1 0 -1 0 1 1 0 0 1 -1 1 1 0 0 1 1 -1 -1 1 0 1 
0 1 1 0 0 1 0 -1 0 0 -1 1 -1 0 1 -1 -1 0 1 0 -1 0 1 -1 0 -1 -1 0 0 -1 0 1 1 1 1 0 0 1 1 0 0 0 1 1 0 0 -1 0 1 0 1 -1 -1 1 1 0 0 1 0 0 0 1 1 1 0 0 0 0 1 0 1 -1 -1 1 1 1 0 1 1 0 0 0 0 0 0 1 1 0 0 0 0 0 -1 1 1 1 1 1 1 1 
0 0 1 0 0 0 0 0 0 0 1 -1 0 -1 0 0 -1 0 0 0 0 1 1 -1 1 0 1 0 -1 1 0 1 0 0 0 0 0 0 0 0 0 0 0 0 0 0 -1 -1 0 0 0 0 1 -1 0 0 0 1 0 0 0 0 -1 0 0 1 0 0 1 0 -1 -1 1 0 -1 1 1 0 0 -1 0 1 0 0 0 0 1 0 0 -1 0 -1 -1 0 1 0 0 -1 -1 0 
0 1 1 1 1 0 0 1 1 -1 0 0 -1 0 1 0 1 0 0 0 0 0 0 0 0 1 1 1 0 0 0 0 0 1 1 1 1 0 0 1 1 0 0 1 0 0 -1 0 1 0 0 1 0 1 1 0 1 0 1 1 1 0 1 1 0 0 1 0 1 1 0 0 1 -1 1 0 1 1 1 -1 1 0 1 1 0 1 1 0 0 0 1 1 0 0 1 1 1 1 0 0 
1 0 0 1 1 0 1 1 0 1 1 1 0 1 1 1 1 1 1 1 1 1 1 1 0 1 0 -1 1 0 1 0 1 1 1 1 -1 1 1 0 1 1 1 1 1 1 -1 1 1 1 1 1 0 1 1 1 1 1 1 1 1 1 1 1 1 0 1 1 1 0 1 1 0 1 0 1 1 1 1 -1 1 1 1 -1 1 1 1 1 -1 0 1 1 1 1 1 1 1 1 0 1 
1 0 1 1 1 -1 0 1 -1 0 -1 -1 0 0 1 0 0 0 -1 1 0 0 0 1 -1 0 0 -1 0 1 1 1 0 1 0 1 -1 1 0 1 1 0 1 0 1 1 -1 0 -1 1 1 -1 -1 -1 0 0 1 0 1 1 1 1 1 1 0 0 1 0 1 1 1 -1 1 -1 0 -1 1 0 1 -1 1 0 1 0 1 1 1 1 -1 0 1 1 0 -1 -1 1 1 1 0 -1 
1 1 -1 -1 1 0 1 1 0 1 1 -1 -1 1 1 0 0 1 1 1 -1 -1 1 -1 0 1 0 0 0 0 1 0 1 -1 1 0 -1 1 1 0 0 1 1 1 -1 0 -1 0 -1 1 1 -1 -1 -1 -1 1 0 0 1 1 1 1 0 -1 0 0 1 1 1 0 -1 1 -1 -1 1 0 1 1 1 1 0 0 -1 1 1 0 -1 1 -1 0 1 0 1 1 1 1 -1 1 1 1 
0 0 0 0 1 0 1 1 1 1 1 0 0 0 1 0 1 0 1 1 1 0 0 0 0 1 0 1 0 0 1 0 1 1 1 0 0 1 1 0 1 1 1 0 1 1 -1 1 1 0 1 1 -1 1 1 1 0 1 1 1 1 1 1 1 0 0 0 1 1 0 1 1 1 0 0 0 1 1 1 1 1 0 1 1 1 1 1 1 1 0 0 1 0 1 1 1 1 1 1 0 
0 1 -1 0 1 0 1 1 1 1 0 1 0 0 1 -1 1 1 0 1 -1 0 0 -1 -1 1 0 1 0 0 1 1 1 1 0 1 1 1 1 0 1 1 1 1 0 1 0 1 1 0 1 -1 0 1 1 0 1 0 1 1 1 1 1 1 0 0 1 1 1 0 1 -1 0 -1 0 0 0 1 -1 0 0 0 0 1 -1 0 1 1 1 0 1 1 0 1 1 1 1 0 1 1 
1 1 0 1 0 0 1 1 1 0 -1 0 0 0 1 1 1 1 1 0 1 -1 0 0 0 0 0 0 0 0 1 0 1 1 1 0 -1 1 1 0 0 1 0 1 1 1 0 1 1 1 1 0 0 1 0 1 0 0 0 0 1 0 1 0 1 0 1 0 1 0 1 -1 1 0 0 0 0 0 1 -1 1 0 1 1 1 1 1 1 1 0 1 1 0 1 0 1 0 1 1 1 
1 1 0 1 1 -1 0 1 1 1 1 -1 0 0 1 0 -1 1 -1 1 1 -1 0 1 1 1 1 0 1 1 1 0 1 1 1 1 -1 1 1 1 -1 1 1 1 0 1 -1 1 1 1 1 -1 -1 0 0 0 1 0 0 1 1 1 1 1 1 0 1 1 1 1 1 -1 0 0 0 1 1 1 1 -1 1 0 1 -1 0 1 1 1 0 0 1 1 1 1 0 1 1 1 -1 0 
0 0 0 0 -1 0 -1 1 1 0 -1 0 1 0 1 0 -1 0 0 -1 -1 1 -1 -1 0 -1 -1 0 0 0 0 1 -1 1 0 1 1 0 0 1 0 0 0 0 1 0 0 1 1 0 1 -1 0 1 -1 0 0 0 -1 0 0 1 -1 0 0 1 0 0 1 -1 -1 -1 1 1 0 0 0 0 -1 -1 0 0 0 0 0 0 0 0 1 -1 1 0 -1 1 0 1 0 -1 -1 0 
1 1 0 1 0 0 1 0 0 1 0 1 1 0 1 0 1 0 0 0 0 -1 0 1 0 0 1 0 1 1 1 1 1 1 1 0 -1 1 0 0 0 1 0 0 0 0 0 0 1 1 1 -1 0 1 0 1 0 0 1 0 1 1 0 1 1 0 0 1 1 0 0 -1 0 0 0 1 1 1 1 -1 0 0 1 0 0 0 1 1 0 0 0 1 0 1 0 1 0 1 0 -1 
1 0 -1 -1 1 0 1 1 -1 1 -1 -1 -1 0 1 1 -1 0 -1 0 1 -1 1 0 -1 -1 -1 -1 -1 0 -1 1 0 1 -1 -1 -1 1 -1 1 0 1 0 0 -1 -1 -1 -1 1 1 1 -1 -1 -1 -1 1 0 0 1 0 -1 1 0 1 -1 0 0 1 -1 1 -1 -1 -1 -1 1 1 -1 -1 -1 -1 1 -1 0 -1 1 -1 1 1 0 0 -1 0 0 0 -1 1 1 1 0 -1 
1 0 1 -1 0 0 0 1 0 0 -1 0 1 0 0 -1 0 0 -1 0 1 0 0 -1 0 0 0 1 0 0 1 1 0 1 1 0 0 0 1 0 0 0 0 1 0 1 1 1 1 0 0 -1 0 0 -1 -1 0 0 1 0 0 1 1 0 0 0 0 0 1 0 -1 0 1 1 0 1 1 0 1 1 0 1 0 -1 0 1 0 0 1 0 0 0 0 1 1 0 1 -1 -1 0 
0 0 0 -1 1 1 1 1 0 0 1 -1 0 1 1 0 1 1 1 0 1 -1 0 -1 0 0 0 0 1 0 1 0 0 -1 1 0 0 1 1 0 0 1 1 0 -1 0 1 1 1 0 0 -1 0 1 0 0 1 1 1 0 1 1 -1 1 0 0 1 0 1 1 -1 1 0 0 0 0 0 1 1 1 1 0 1 1 1 0 1 1 1 0 0 1 1 1 0 1 1 1 1 1 
0 1 1 1 0 1 0 0 1 0 0 -1 1 1 0 0 0 0 0 0 1 -1 1 -1 0 0 0 1 0 1 0 1 1 1 0 0 1 0 0 0 0 0 0 1 1 0 0 -1 0 1 0 0 0 -1 0 0 1 0 0 0 1 1 0 1 0 1 1 0 1 1 -1 1 1 0 0 1 0 0 1 -1 0 0 0 0 1 0 1 1 0 -1 0 1 0 0 0 1 0 0 0 0 
0 1 1 -1 0 0 -1 1 1 1 1 0 0 1 -1 -1 0 1 1 0 0 0 0 -1 1 0 1 1 0 0 0 0 0 0 1 0 -1 0 1 0 0 0 0 0 1 1 -1 1 1 0 0 -1 1 1 -1 0 0 1 1 0 0 0 0 0 0 0 1 0 0 0 1 1 1 1 0 1 0 0 1 1 0 -1 0 1 0 1 1 0 1 0 0 0 0 1 1 1 1 1 0 0 
0 0 0 1 0 1 0 0 0 0 0 0 -1 0 1 0 0 0 0 0 1 0 1 -1 0 1 0 0 1 0 1 1 0 1 1 0 -1 1 0 0 0 1 0 1 0 0 1 0 1 0 1 0 -1 -1 0 0 1 1 1 1 0 1 1 0 0 0 0 0 0 0 -1 1 0 1 0 1 1 1 0 1 0 0 0 0 0 0 0 0 -1 0 0 0 1 0 0 1 1 -1 1 1 
1 0 0 0 0 0 0 0 0 0 1 -1 1 0 0 1 0 0 0 0 1 0 1 0 0 0 1 0 0 0 0 0 0 0 0 0 0 0 0 1 0 0 0 1 0 0 0 -1 0 1 1 0 -1 0 0 0 1 0 1 1 1 0 1 0 1 0 1 0 0 0 -1 -1 0 0 0 1 1 1 0 0 0 0 0 0 1 0 0 1 0 1 0 1 0 0 0 0 0 1 0 0 
1 1 0 1 1 0 1 1 0 1 1 0 0 0 1 1 1 1 1 1 1 0 1 -1 1 1 0 0 1 0 0 1 1 1 0 0 0 1 1 1 1 1 1 0 0 1 0 0 1 1 1 0 0 1 1 1 1 0 0 1 1 0 1 1 1 0 1 1 1 1 1 -1 0 0 0 1 1 1 0 1 0 1 1 1 1 1 0 1 1 0 0 0 1 1 1 0 1 1 0 0 
0 1 1 0 0 0 1 0 1 0 0 1 1 0 0 1 0 0 1 0 0 1 1 1 1 0 1 0 1 0 1 0 0 1 1 1 0 1 0 0 1 0 1 0 0 0 0 0 0 1 0 -1 0 1 1 0 0 1 1 1 1 1 1 0 1 0 1 0 0 0 1 1 1 0 1 1 1 1 0 0 1 0 0 0 1 1 1 0 0 1 0 1 0 1 1 1 0 1 0 0 
1 1 0 1 1 0 1 1 1 1 1 1 0 0 1 0 1 1 1 1 1 -1 1 0 0 0 1 0 0 0 1 0 0 1 1 0 -1 1 1 0 1 1 1 0 1 1 -1 1 1 1 1 0 0 1 1 1 0 0 1 1 1 -1 1 1 1 0 1 1 1 0 1 -1 0 0 0 0 1 1 1 -1 1 0 1 1 1 1 1 1 -1 0 1 1 1 1 1 1 1 1 1 1 
1 1 0 1 1 0 -1 1 1 1 1 1 0 1 1 1 -1 1 1 1 1 1 1 1 1 -1 1 0 1 0 1 1 1 0 1 1 1 1 1 0 1 1 1 1 1 1 1 1 1 1 1 0 0 1 1 1 1 1 1 1 1 1 1 1 1 1 1 1 1 1 1 -1 1 1 1 1 1 1 1 -1 1 1 1 1 1 1 1 1 1 1 1 1 1 1 1 1 1 1 1 1 
0 1 0 0 -1 1 0 -1 0 0 1 1 0 1 1 0 1 1 0 1 1 0 1 -1 1 1 0 1 1 0 0 1 1 1 0 1 -1 1 1 1 1 1 1 0 0 1 1 0 1 0 1 0 -1 1 1 0 1 1 1 1 1 1 1 1 1 0 1 0 1 1 -1 0 0 1 1 1 1 1 1 0 1 1 0 1 1 1 1 1 1 0 0 1 0 0 1 1 1 1 1 0 
0 0 0 0 0 0 0 1 1 0 0 0 0 1 1 1 0 0 1 0 1 1 0 -1 0 0 0 0 0 0 0 1 0 1 1 0 1 0 0 1 1 0 0 1 -1 1 1 1 1 0 1 0 0 1 0 0 1 1 1 1 1 1 1 1 1 0 1 1 1 0 1 -1 1 0 0 0 1 0 0 0 0 0 0 0 1 1 1 1 1 1 0 1 0 0 0 0 0 0 0 1 
-1 -1 0 -1 -1 -1 -1 1 0 0 -1 0 0 1 -1 -1 -1 0 1 -1 -1 1 -1 -1 0 0 1 -1 -1 0 0 0 -1 1 -1 1 0 -1 -1 0 -1 -1 0 0 -1 0 0 1 -1 -1 1 0 0 -1 -1 -1 0 1 -1 0 1 1 -1 0 0 0 -1 0 0 -1 1 -1 0 0 -1 0 0 -1 -1 -1 0 0 -1 -1 -1 0 -1 -1 0 0 0 -1 -1 -1 0 0 0 -1 0 -1 
1 1 0 0 1 0 1 1 0 1 1 1 0 0 1 1 1 1 1 1 1 0 1 1 0 1 0 0 1 0 1 1 1 1 1 0 -1 0 1 0 1 1 0 1 0 0 -1 1 1 1 1 0 -1 1 1 1 0 0 1 1 1 1 1 1 0 1 1 1 1 0 1 1 0 0 0 0 1 1 1 -1 1 0 1 1 0 1 1 1 1 0 1 1 0 1 0 1 1 1 0 1 
1 1 1 0 1 0 1 1 1 1 1 1 0 0 1 0 1 1 1 1 1 0 0 -1 1 1 0 1 0 0 1 0 1 1 1 0 -1 1 1 1 1 1 1 0 -1 1 -1 1 1 1 1 -1 0 1 1 1 0 0 0 1 1 1 1 1 0 0 1 1 1 1 1 0 0 1 1 1 1 1 1 1 0 1 1 1 1 1 1 1 1 0 1 1 1 1 1 1 1 0 1 1 
0 0 0 1 0 0 0 1 1 1 0 0 0 1 0 1 0 0 0 0 1 1 0 1 0 0 0 0 0 1 1 0 0 0 1 1 0 0 1 0 0 0 0 0 0 0 0 1 0 1 0 0 0 1 0 1 1 0 0 0 0 1 0 1 1 0 1 1 0 1 0 -1 0 0 0 0 0 0 0 0 1 0 1 0 1 1 0 1 0 0 0 1 0 0 0 1 0 0 0 1 
0 0 0 1 0 0 0 1 1 1 1 0 0 1 1 1 0 1 1 0 -1 0 0 0 0 0 0 0 0 0 1 1 1 1 1 1 -1 1 1 0 0 0 1 1 1 1 1 1 1 0 0 1 -1 1 1 0 1 1 0 1 1 1 1 1 0 0 1 0 1 1 0 1 0 1 0 0 1 1 1 0 1 1 1 1 1 1 1 -1 0 0 1 1 -1 1 1 1 1 -1 0 -1 
1 1 0 1 1 0 1 1 0 1 1 0 0 0 1 0 1 1 1 1 1 0 1 1 0 1 0 0 1 0 1 0 1 1 1 0 -1 1 1 0 0 0 1 1 1 0 0 1 0 1 1 -1 -1 1 1 1 1 0 1 1 1 1 1 1 0 0 0 1 0 0 -1 1 0 0 0 0 1 1 1 1 0 0 1 1 1 1 0 1 0 0 1 1 0 1 0 1 0 1 1 1 
0 1 1 1 0 0 0 1 0 0 0 1 0 0 1 1 1 1 1 0 1 0 0 0 0 1 0 0 0 0 1 1 1 1 1 0 0 0 1 0 1 1 0 1 1 1 1 1 1 1 1 0 0 1 1 0 1 1 1 1 1 1 1 0 1 1 0 0 1 1 1 1 1 1 1 1 1 1 1 1 1 0 0 0 1 1 1 1 1 1 1 1 0 1 0 0 1 1 1 0 
1 1 1 1 1 0 1 1 0 1 -1 1 0 1 1 0 1 0 1 1 1 0 0 0 1 0 1 0 1 1 0 0 0 1 0 1 0 1 0 0 1 1 1 0 0 0 0 1 1 1 1 0 0 1 0 0 0 0 0 1 1 1 1 1 1 1 1 0 1 0 1 -1 1 0 1 1 1 1 0 0 1 0 1 0 1 1 0 1 0 1 1 1 0 1 0 1 0 1 1 1 
0 1 1 1 0 0 -1 1 1 1 1 0 0 0 1 1 -1 1 0 1 0 1 0 -1 0 -1 1 1 0 0 0 0 1 1 0 -1 -1 0 -1 0 1 1 1 0 1 1 0 -1 1 0 1 -1 0 1 0 0 0 0 0 1 0 0 -1 1 1 1 0 1 1 -1 -1 -1 -1 -1 0 0 0 0 -1 -1 1 -1 0 -1 1 1 1 1 -1 0 0 1 -1 0 -1 -1 1 -1 -1 0 
0 1 0 1 0 0 0 0 1 -1 0 0 0 0 1 1 0 1 1 1 1 0 0 -1 1 0 0 1 0 0 1 0 1 1 1 1 0 0 1 0 1 0 1 0 1 0 1 1 1 0 1 1 0 1 1 0 0 0 1 1 1 0 1 1 0 0 0 0 1 1 1 -1 0 0 1 0 1 1 1 -1 1 1 0 0 1 1 1 0 0 0 1 1 0 1 0 1 0 1 1 1 
0 -1 -1 -1 -1 0 -1 -1 0 -1 0 -1 -1 -1 -1 -1 -1 -1 0 0 -1 0 0 -1 1 1 0 -1 1 0 0 0 -1 1 1 1 0 -1 -1 0 1 0 1 0 0 1 0 1 1 0 -1 -1 -1 -1 -1 -1 0 1 0 0 -1 1 -1 0 0 0 -1 0 0 0 -1 1 1 1 -1 1 0 1 -1 1 0 1 0 -1 -1 1 -1 0 -1 -1 0 0 1 1 -1 0 -1 -1 1 -1 
0 1 0 1 0 0 0 1 1 -1 -1 0 -1 0 1 0 0 1 1 1 1 1 0 -1 1 1 -1 1 0 -1 0 0 1 1 0 1 1 1 1 1 1 1 1 1 -1 1 1 0 1 0 1 -1 0 1 -1 0 0 1 0 1 1 1 -1 1 0 1 1 0 1 1 1 -1 0 1 0 0 1 1 -1 0 1 1 0 0 -1 1 1 0 1 0 1 1 0 1 0 0 0 1 1 0 
1 1 1 1 1 0 -1 1 0 0 1 1 0 1 1 -1 -1 1 1 1 1 1 1 1 1 1 0 1 1 0 1 0 1 1 1 1 -1 1 1 0 1 0 1 1 1 1 1 1 0 1 1 1 -1 1 1 1 1 1 1 1 1 1 1 1 1 1 1 0 1 0 1 1 1 1 0 1 1 1 0 -1 1 1 1 1 1 1 1 1 1 0 1 1 1 1 1 1 1 1 1 0 
1 1 0 1 1 0 1 0 0 1 0 0 0 0 1 1 1 0 0 1 1 0 1 1 0 0 1 0 0 1 1 1 1 1 0 0 -1 1 1 1 0 1 1 1 0 0 0 0 1 0 0 -1 -1 1 0 1 1 0 0 1 1 1 1 1 0 0 1 1 0 1 1 -1 1 0 0 1 0 1 1 -1 0 0 1 0 1 1 0 1 1 1 1 0 1 1 0 1 1 0 -1 1 
1 0 1 1 1 0 1 1 0 0 1 1 0 0 1 1 1 1 1 1 1 1 1 1 0 0 0 0 1 1 1 0 1 1 1 1 1 1 1 0 0 1 1 1 1 1 -1 1 1 0 0 0 0 1 1 1 1 1 1 1 1 1 1 1 1 1 1 1 1 1 1 1 0 -1 0 0 1 1 1 -1 1 0 1 1 1 0 1 1 1 1 0 1 1 1 0 1 1 1 0 1 
0 0 0 -1 0 0 -1 1 -1 -1 -1 -1 0 1 1 -1 -1 1 -1 0 -1 -1 -1 -1 -1 -1 0 -1 0 0 0 -1 0 0 0 0 0 0 -1 0 1 -1 0 0 -1 1 -1 -1 1 -1 0 0 -1 -1 0 -1 1 1 1 0 1 0 1 -1 0 -1 -1 0 1 0 -1 0 1 0 0 0 1 1 -1 -1 1 -1 0 0 -1 1 0 0 1 0 0 0 -1 0 -1 1 0 0 -1 -1 
0 0 0 -1 -1 0 -1 0 0 0 -1 -1 1 0 0 -1 -1 -1 0 0 -1 0 0 -1 0 0 0 1 -1 -1 0 0 0 0 -1 0 0 -1 0 0 -1 -1 0 0 0 0 -1 0 -1 -1 0 -1 0 0 -1 -1 0 -1 -1 0 0 1 0 0 0 0 0 -1 -1 -1 -1 -1 1 0 -1 1 1 0 -1 -1 0 0 -1 -1 0 0 0 0 0 -1 0 -1 -1 -1 0 0 0 0 -1 0 
1 1 1 0 1 0 1 1 1 1 1 1 -1 1 1 -1 -1 1 1 1 0 1 1 -1 0 1 -1 1 -1 0 1 1 1 1 1 1 -1 1 1 1 1 1 1 1 1 1 -1 1 1 1 1 -1 0 0 1 1 1 0 0 0 1 1 1 1 1 0 1 1 1 1 1 -1 0 0 1 1 1 1 1 -1 1 0 1 1 1 1 1 1 0 0 1 1 1 1 1 1 1 1 0 1 
0 1 0 0 0 0 -1 0 0 1 0 1 0 1 1 0 -1 1 1 0 0 -1 0 -1 -1 0 0 -1 0 0 1 1 1 1 1 0 -1 1 1 0 1 1 1 0 0 1 -1 -1 1 0 1 0 -1 1 0 0 0 1 0 0 1 1 1 1 1 0 0 0 1 0 0 0 1 1 0 1 1 1 1 0 0 0 0 -1 1 0 1 1 -1 0 1 0 -1 0 0 1 -1 1 1 1 
1 1 -1 -1 0 0 1 1 0 1 1 0 0 0 1 0 1 1 0 1 0 0 1 1 -1 0 0 0 0 0 1 0 1 1 0 0 -1 1 1 1 0 1 0 0 0 0 -1 0 1 1 1 -1 -1 1 0 0 0 0 1 0 1 1 1 1 1 0 1 1 0 0 0 0 0 0 0 1 0 1 1 0 0 0 -1 1 1 0 0 1 -1 0 1 0 1 1 0 1 0 1 1 1 
0 0 0 1 0 0 0 0 0 1 0 0 0 1 1 1 0 0 1 0 1 0 0 0 0 1 1 0 1 1 1 0 0 1 1 1 0 0 0 1 1 1 1 0 0 0 0 0 1 1 1 1 0 1 0 0 0 1 1 1 1 1 0 1 1 0 1 0 1 1 1 1 0 0 1 1 0 0 0 1 0 0 0 0 0 0 0 0 0 1 0 0 1 0 1 0 0 0 0 0 
0 1 0 0 0 1 0 0 0 0 -1 1 1 0 1 0 0 1 0 0 0 0 0 0 0 1 0 1 1 0 0 1 0 1 1 1 1 0 0 0 1 0 1 0 0 0 1 1 1 0 1 1 -1 0 1 0 1 0 1 0 1 1 1 0 0 1 0 0 1 1 1 1 1 1 1 1 1 1 1 1 1 1 0 1 0 1 1 0 1 0 1 1 1 1 1 1 0 -1 1 0 
1 1 1 0 -1 1 0 0 1 0 0 0 0 1 1 1 1 1 1 0 0 -1 1 1 1 1 0 1 1 1 0 1 1 1 1 1 -1 1 0 0 0 1 1 0 0 1 0 0 1 0 1 1 -1 0 0 1 1 1 0 1 1 1 0 1 1 0 -1 0 0 0 -1 0 1 1 1 0 1 0 1 1 1 1 0 1 1 1 0 1 0 1 0 1 1 0 1 1 1 1 1 0 
1 1 0 1 1 0 0 1 1 0 1 0 0 1 1 1 1 1 1 0 1 0 0 0 0 0 0 0 1 1 1 1 1 1 1 1 0 1 1 0 1 1 1 1 1 1 0 1 1 1 1 0 0 0 0 0 1 0 1 0 1 1 1 0 1 0 1 0 1 1 1 -1 0 0 1 1 1 1 1 0 0 0 0 1 1 1 1 1 0 1 0 1 0 1 0 1 1 1 1 1 
1 1 1 1 1 0 1 1 1 1 -1 0 0 1 1 1 1 1 1 1 1 0 1 -1 0 1 1 0 0 1 1 1 1 1 1 1 1 1 1 0 1 1 1 1 0 1 -1 1 1 1 1 1 0 1 1 1 1 1 1 1 0 1 1 1 1 0 1 1 1 0 1 1 0 0 1 1 1 1 1 0 1 0 1 1 1 1 1 1 1 0 0 1 1 1 0 1 1 1 0 1 
1 1 0 1 1 1 1 1 1 1 0 1 0 0 1 1 1 1 1 0 1 1 1 1 1 1 1 0 1 0 0 1 -1 1 1 1 1 1 1 1 1 1 1 1 0 0 1 1 1 1 1 0 1 1 1 1 1 1 1 1 1 0 1 1 1 0 1 0 1 1 1 -1 0 1 1 1 1 1 1 0 -1 1 1 1 1 0 1 1 0 1 0 1 1 -1 1 1 0 1 1 1 
0 1 1 1 1 1 1 1 1 1 -1 1 -1 1 1 1 0 1 1 1 1 -1 0 0 1 -1 0 0 1 1 1 1 1 1 1 1 -1 1 1 0 1 1 1 1 -1 1 -1 -1 1 1 1 1 0 1 1 1 0 1 0 1 1 1 0 1 1 1 1 1 1 1 1 -1 1 0 1 1 1 1 1 -1 1 1 0 1 1 1 1 1 1 1 1 1 1 1 1 1 1 1 1 1 
1 1 0 1 1 0 1 1 1 0 1 1 0 1 1 1 -1 1 1 0 1 0 1 1 0 1 1 0 0 0 1 0 1 1 1 1 0 1 1 1 1 1 0 1 1 1 0 1 1 1 1 -1 0 1 1 1 1 0 1 0 1 1 1 0 1 0 1 1 1 1 1 1 0 0 0 0 1 1 1 -1 1 0 1 1 1 1 1 1 1 0 1 1 0 1 0 1 1 1 0 0 
1 1 1 1 0 0 1 1 1 0 1 0 0 0 1 0 0 0 0 1 1 0 1 -1 0 0 0 0 0 1 1 1 1 1 1 1 0 0 0 1 0 0 1 1 1 0 0 0 1 0 1 0 0 1 1 1 1 0 1 1 1 1 1 1 0 0 1 1 1 0 1 -1 0 0 0 1 1 1 1 0 1 0 1 0 1 0 1 1 0 1 0 0 0 1 0 0 0 0 1 0 
0 0 0 0 0 0 0 1 0 0 1 0 1 0 0 0 0 0 0 0 0 1 0 0 0 0 1 0 0 0 0 0 0 1 0 0 0 1 0 0 0 0 1 1 1 0 0 1 1 0 1 -1 0 0 0 0 0 1 0 0 0 0 1 0 0 0 0 0 1 1 0 0 1 1 0 1 1 0 1 0 0 1 0 1 0 1 0 0 1 0 1 1 -1 1 0 0 0 1 -1 0 
1 1 1 1 1 1 0 1 1 1 -1 0 0 1 1 1 1 0 1 1 1 0 0 0 0 1 1 1 0 1 1 1 1 1 1 1 -1 1 1 1 1 0 0 1 0 0 -1 1 1 1 1 -1 0 1 0 1 1 0 -1 1 1 1 1 1 1 0 0 1 1 1 1 -1 0 0 0 0 1 1 1 0 1 0 1 1 1 1 1 1 1 1 1 1 0 0 -1 1 1 1 1 1 
1 0 0 1 1 0 1 1 0 1 1 0 0 0 1 0 1 1 1 0 1 0 1 1 0 0 0 0 0 0 1 0 1 1 0 1 0 1 1 1 0 1 0 0 1 0 0 0 0 1 1 0 -1 1 0 1 0 0 0 0 1 0 1 1 1 0 1 0 1 1 1 1 0 0 0 0 0 1 1 0 1 -1 1 1 1 0 0 1 1 0 1 0 0 1 0 1 1 1 0 1 
1 1 1 1 0 0 1 1 1 0 -1 1 1 1 1 1 1 1 1 1 1 1 1 -1 1 1 1 0 0 0 1 0 1 1 1 1 0 1 1 0 1 0 1 1 1 1 0 1 1 0 1 1 -1 1 1 0 1 1 0 1 1 1 1 1 1 1 1 1 0 1 1 1 1 1 0 1 1 1 1 0 1 -1 1 1 1 1 1 0 1 0 0 1 1 1 1 1 0 1 1 0 
1 1 0 1 1 0 1 1 0 0 1 0 0 1 0 1 0 0 0 0 1 -1 0 1 0 1 1 0 0 0 1 0 0 1 1 0 -1 0 1 1 1 0 1 0 -1 1 0 1 0 1 1 0 -1 1 0 0 1 1 0 1 0 1 1 1 0 1 1 1 1 0 1 0 -1 0 0 1 0 0 0 0 0 0 1 0 1 0 0 1 0 0 1 1 0 1 0 1 1 1 1 0 
0 1 0 1 -1 0 -1 1 1 1 -1 1 -1 0 1 1 -1 1 1 1 1 -1 0 -1 -1 -1 -1 1 -1 -1 1 1 1 1 -1 1 1 1 1 0 0 -1 1 1 -1 1 -1 1 1 1 1 -1 -1 1 0 0 1 1 -1 1 1 1 1 1 1 0 1 1 1 1 1 0 -1 -1 1 0 1 1 -1 -1 0 -1 0 0 -1 1 1 1 -1 0 1 1 1 1 -1 1 0 1 -1 1 
1 -1 -1 -1 0 0 0 -1 -1 -1 1 -1 -1 0 1 -1 1 1 -1 -1 -1 -1 -1 -1 0 1 1 1 1 -1 -1 1 -1 -1 0 -1 -1 1 0 -1 1 1 1 -1 -1 -1 1 -1 1 -1 1 0 -1 -1 0 0 1 1 0 -1 1 -1 -1 1 -1 0 -1 1 1 0 0 0 -1 0 1 -1 -1 1 1 1 0 0 -1 1 -1 0 1 1 -1 -1 1 0 1 -1 1 -1 -1 1 1 -1 
0 0 1 1 0 0 -1 1 1 0 -1 -1 1 1 0 1 -1 1 0 1 0 1 0 -1 1 0 1 1 0 0 0 1 0 1 0 1 0 0 0 0 0 0 1 1 -1 0 1 0 1 1 0 1 1 0 1 0 0 1 1 0 0 0 1 0 0 1 0 0 1 -1 -1 -1 0 1 0 1 1 0 1 -1 1 0 0 0 0 1 1 0 0 1 0 1 0 0 1 1 1 -1 -1 0 
0 0 0 -1 0 1 0 0 0 0 -1 1 0 -1 1 -1 -1 0 -1 0 0 1 0 -1 1 0 0 1 1 0 0 0 0 1 1 0 0 0 1 0 1 0 1 0 -1 0 1 1 1 0 -1 0 0 0 1 0 0 1 1 0 0 1 0 0 0 1 0 0 1 0 -1 0 1 0 0 0 1 0 1 1 0 1 0 0 -1 0 0 0 0 0 0 0 1 0 0 0 0 0 1 0 
0 1 0 1 0 -1 -1 0 0 0 0 1 -1 1 0 0 1 0 0 0 0 0 0 1 0 0 0 0 0 0 0 1 0 1 1 0 -1 0 1 0 0 0 1 1 0 1 -1 0 0 0 0 0 -1 1 0 0 1 1 1 1 1 1 1 0 0 0 0 0 0 0 1 1 0 0 0 1 1 1 0 1 0 0 1 0 0 0 1 0 0 0 0 1 0 0 0 0 1 1 1 1 
1 0 1 1 0 1 1 0 0 1 1 1 1 0 1 -1 0 0 0 0 1 0 1 1 1 0 1 1 1 1 1 1 0 1 1 0 0 0 1 0 0 0 1 1 0 0 1 0 1 1 0 0 1 1 1 1 1 1 0 1 1 1 1 0 1 1 0 0 1 1 0 -1 1 0 1 0 1 1 -1 0 0 0 0 0 1 0 0 1 0 1 1 0 0 0 1 1 0 0 0 0 
1 1 1 -1 1 0 1 1 1 0 1 0 1 1 1 1 1 1 0 0 1 0 1 -1 1 0 0 0 1 1 1 1 1 1 1 1 0 1 1 0 1 1 1 1 0 1 0 1 1 0 1 1 1 1 1 0 0 1 1 1 1 1 1 1 1 1 1 0 1 0 1 -1 1 1 1 1 0 1 1 -1 1 1 1 1 1 1 1 1 0 1 1 1 1 1 1 1 1 1 1 1 
1 1 0 1 1 0 1 1 1 1 1 1 0 1 1 0 1 1 1 0 1 0 1 -1 0 1 0 0 1 1 1 1 1 1 1 0 -1 1 1 0 1 1 1 1 0 1 1 1 1 1 1 1 0 1 1 1 0 1 0 1 1 1 1 1 1 0 1 1 1 0 1 1 0 0 1 1 1 0 1 0 1 0 1 0 1 0 1 1 1 0 1 1 1 1 0 1 1 1 1 1 
1 1 -1 0 1 0 1 1 -1 0 0 1 0 1 1 1 1 1 -1 1 1 -1 1 -1 1 1 1 1 0 0 0 0 1 1 1 0 -1 1 1 0 1 1 1 0 -1 1 -1 -1 0 1 1 -1 -1 1 1 1 0 1 1 1 1 1 1 1 1 1 1 1 1 0 -1 1 1 1 0 -1 1 1 0 1 1 1 1 1 1 1 1 1 -1 0 1 1 0 1 0 1 0 1 0 0 
0 -1 -1 -1 -1 1 0 -1 -1 -1 -1 0 -1 -1 -1 -1 1 1 0 -1 -1 -1 -1 -1 1 1 -1 1 1 0 1 0 -1 -1 0 0 -1 -1 1 0 0 1 1 0 -1 -1 1 0 -1 -1 -1 -1 -1 -1 0 0 1 1 1 0 0 0 -1 -1 0 0 0 0 0 0 -1 1 -1 1 1 0 -1 0 1 0 0 -1 0 -1 0 0 1 0 1 -1 1 -1 0 -1 0 1 0 -1 1 -1 
0 1 0 0 1 1 1 1 1 1 0 0 0 1 1 1 0 1 0 1 1 0 0 1 0 1 0 0 0 0 0 1 1 1 1 0 0 1 0 1 1 0 1 1 1 1 0 1 1 0 1 1 0 1 0 0 0 1 1 0 1 -1 1 1 1 0 1 1 1 0 0 0 1 0 0 0 1 1 1 0 0 0 0 0 1 0 1 1 1 0 0 1 1 1 1 1 0 1 0 0 
0 0 1 0 -1 0 0 1 0 -1 -1 0 1 0 1 0 0 0 0 0 0 0 0 -1 1 0 0 -1 0 0 1 0 0 1 1 0 0 0 1 0 1 0 0 0 -1 1 1 1 1 0 0 -1 0 0 0 0 0 1 1 0 0 1 1 0 0 1 0 -1 -1 0 -1 0 0 1 0 0 1 0 1 -1 0 1 0 0 -1 1 0 0 0 -1 1 0 -1 1 -1 1 0 -1 0 -1 
1 1 0 0 1 0 1 1 0 1 0 0 0 1 1 1 -1 1 0 1 1 0 1 0 0 1 0 0 0 0 1 0 1 1 0 0 -1 1 1 1 1 1 0 1 0 0 0 0 1 1 1 0 -1 1 0 -1 0 0 0 0 1 1 0 1 1 0 1 1 1 1 0 -1 0 0 1 0 1 1 1 0 0 0 0 0 1 0 1 1 0 0 1 1 0 1 0 1 1 1 0 1 
0 1 0 0 1 0 1 -1 0 1 1 0 0 1 -1 0 1 1 1 1 -1 0 0 -1 -1 1 0 1 0 0 1 0 1 1 1 0 -1 1 1 0 1 1 0 0 -1 0 -1 0 1 0 1 0 -1 1 -1 1 0 1 1 1 1 1 1 1 0 1 1 1 1 0 0 1 0 0 0 0 1 0 1 -1 0 0 0 0 1 1 1 1 1 0 1 1 -1 1 1 1 -1 1 0 1 
1 1 0 -1 1 0 0 1 1 1 1 0 0 0 1 1 1 1 -1 1 0 0 0 1 0 1 1 0 0 1 1 1 1 1 1 1 -1 0 1 1 1 1 1 1 1 1 -1 -1 1 1 1 -1 0 1 1 1 0 0 1 1 1 1 1 1 1 0 1 1 1 1 -1 -1 0 -1 0 1 1 1 1 0 1 -1 1 1 0 1 1 1 1 0 1 1 1 1 0 1 -1 1 1 0 
1 1 1 1 -1 0 1 1 1 0 0 1 0 1 1 1 0 1 0 1 1 0 0 -1 1 0 0 1 0 0 1 1 1 1 1 1 0 1 1 1 1 1 1 1 1 1 1 1 1 1 0 1 0 1 0 0 0 1 1 1 1 0 1 1 0 1 1 0 1 0 1 0 1 0 0 0 1 0 1 0 0 1 0 1 1 1 0 1 1 0 1 1 0 1 0 1 1 1 0 1 
0 0 1 1 1 0 1 1 1 0 0 1 1 1 1 1 -1 1 1 1 1 0 1 1 0 1 1 1 0 0 0 1 1 1 1 1 -1 1 1 0 1 0 1 0 1 1 -1 1 1 0 1 0 0 1 1 0 0 1 0 1 1 1 1 1 1 0 1 0 1 0 1 1 1 0 1 0 1 1 1 1 1 0 1 1 1 0 1 1 1 1 0 1 -1 1 1 1 0 1 1 1 
1 1 0 1 1 0 1 0 0 1 1 0 0 0 1 1 1 1 1 1 1 0 1 1 0 1 1 0 0 1 1 0 1 1 1 1 -1 1 1 1 -1 1 1 1 1 0 0 0 1 1 1 0 0 1 1 1 0 0 1 1 1 1 1 1 1 0 1 1 0 1 1 1 0 0 0 1 1 1 1 0 1 0 1 1 1 1 1 0 1 0 1 1 0 1 1 1 1 1 0 1 
0 0 1 1 0 0 0 1 0 -1 -1 0 0 0 -1 -1 -1 1 1 1 0 1 0 0 1 1 0 1 -1 0 1 0 -1 1 1 1 0 1 1 0 0 0 1 0 -1 0 -1 1 1 1 1 1 0 0 -1 -1 0 1 0 0 1 0 1 1 0 1 1 1 1 0 -1 -1 0 0 0 0 0 1 -1 1 1 0 0 1 1 1 1 1 0 1 1 1 0 1 -1 1 0 1 1 -1 
1 0 0 0 0 0 0 0 0 0 1 0 -1 0 0 0 0 0 0 0 0 -1 0 0 0 0 -1 0 0 1 0 1 0 1 0 1 0 0 0 0 0 0 1 1 0 0 -1 0 0 1 1 0 -1 0 0 0 1 0 1 1 0 1 1 0 1 0 1 0 0 0 0 -1 1 0 0 1 1 0 0 -1 0 -1 0 0 0 0 1 0 1 0 0 0 -1 0 0 1 1 0 0 0 
1 1 0 1 0 0 1 0 0 1 1 0 0 1 1 1 1 0 1 1 1 1 0 -1 0 0 0 0 0 0 0 0 1 1 0 0 0 1 1 0 1 1 1 1 0 1 0 1 1 1 0 0 0 1 1 1 0 1 0 0 0 0 1 1 0 1 1 1 0 1 1 1 0 0 0 1 1 1 1 1 0 1 1 1 1 1 0 1 1 0 0 1 0 1 1 1 1 1 1 0 
1 1 1 1 1 0 1 1 1 0 0 0 -1 1 1 1 0 1 1 1 1 0 1 0 0 1 1 0 0 1 0 1 1 1 1 1 -1 1 1 1 1 1 1 1 1 1 0 1 1 0 1 0 -1 1 0 0 0 1 1 1 1 1 1 1 0 1 1 0 1 1 1 0 1 0 1 0 1 1 1 -1 1 0 1 1 1 1 1 1 1 0 1 0 0 1 1 1 1 1 1 1 
0 -1 -1 -1 0 1 0 -1 0 1 0 -1 -1 0 1 0 1 0 0 0 1 -1 0 0 0 1 0 0 1 0 1 0 1 1 0 0 -1 0 1 0 -1 0 0 0 -1 0 1 0 1 1 1 -1 -1 1 -1 1 1 1 1 0 1 1 1 0 0 -1 0 0 1 0 1 1 0 1 0 0 1 1 0 0 1 -1 0 -1 1 0 -1 0 0 -1 0 0 0 1 0 1 0 -1 1 0 
1 1 0 1 1 0 1 1 1 1 1 1 0 0 1 -1 1 1 1 1 1 1 1 0 1 1 0 1 0 0 1 1 1 1 0 0 -1 1 1 0 1 1 1 1 0 1 1 1 1 1 1 0 -1 1 0 1 0 1 0 1 1 -1 1 1 1 1 0 1 1 1 1 -1 0 0 0 0 1 1 1 -1 1 1 1 1 1 1 1 1 1 0 1 1 1 0 1 1 1 1 1 1 
0 0 1 -1 0 0 0 1 0 1 1 1 1 1 1 -1 1 1 1 0 0 0 0 -1 1 0 0 1 0 0 1 1 1 1 1 0 0 0 1 0 1 0 0 0 -1 0 -1 0 1 0 0 -1 0 1 0 0 1 1 1 0 0 1 1 0 0 0 -1 0 1 0 -1 1 1 0 0 1 1 0 0 0 1 -1 0 1 0 0 1 1 -1 0 1 1 0 1 0 1 1 1 0 0 
1 1 0 1 0 1 1 1 1 0 -1 1 0 1 1 1 1 1 1 1 1 1 1 1 0 1 1 1 1 0 0 1 1 1 1 0 0 1 1 1 1 1 0 1 -1 1 0 0 1 1 1 1 0 1 1 1 0 1 1 1 1 1 1 1 0 0 1 1 1 1 1 -1 1 0 0 1 1 1 1 1 1 1 1 1 1 1 1 1 1 1 1 1 1 1 1 0 1 1 1 1 
1 1 0 0 1 0 1 1 1 1 -1 1 0 1 1 1 -1 1 1 0 1 0 0 1 1 1 0 1 1 0 1 0 1 1 1 0 0 1 1 0 1 0 1 0 1 0 -1 0 1 1 1 0 0 1 -1 0 0 0 1 1 1 0 1 1 0 0 1 1 0 1 0 -1 1 0 1 0 1 1 0 0 0 0 1 -1 -1 1 0 1 0 1 1 1 0 1 1 1 0 1 0 -1 
1 1 1 1 -1 0 1 1 1 1 1 1 -1 1 1 1 1 1 0 1 1 -1 1 1 -1 1 0 1 -1 1 1 1 1 1 1 0 -1 1 0 0 -1 1 1 1 -1 1 -1 1 1 0 1 0 0 1 1 1 0 -1 1 1 1 1 1 1 0 1 1 1 1 1 1 1 -1 0 1 0 1 1 1 -1 1 -1 1 1 1 1 1 1 1 0 1 1 -1 1 1 1 1 0 -1 1 
0 -1 -1 -1 0 1 1 0 0 0 0 1 -1 0 0 0 1 1 1 1 -1 -1 0 0 -1 1 0 0 1 0 0 0 1 1 1 0 0 0 1 0 0 1 1 1 -1 1 1 1 1 -1 0 -1 -1 0 1 1 0 1 1 1 0 1 1 0 1 -1 1 0 1 1 -1 1 -1 1 1 0 1 1 0 1 0 0 0 0 1 0 1 0 1 0 1 1 1 1 0 1 0 -1 0 0 
1 0 0 1 0 0 1 1 0 1 1 1 0 0 1 -1 1 0 1 1 0 0 -1 -1 0 1 0 0 1 0 0 0 1 1 0 1 -1 1 1 1 -1 1 0 1 0 1 -1 0 0 1 1 -1 0 1 1 1 0 0 0 1 1 1 1 0 0 0 1 1 0 0 1 -1 0 0 1 0 1 1 0 -1 0 -1 1 1 0 1 1 1 -1 0 0 1 0 1 0 1 -1 1 0 0 

Epinions Vertices:
1495, 3204, 549, 3890, 7855, 914, 1685, 1480, 4080, 52, 655, 1003, 666, 175, 17011, 7766, 16933, 17069, 1488, 4489, 5, 2183, 3176, 1682, 1017, 2286, 1945, 1951, 931, 2285, 2339, 1027, 2842, 450, 11445, 1287, 57053, 17354, 3847, 3879, 2282, 9846, 4542, 1328, 578, 1441, 1882, 2557, 1288, 3358, 1502, 410, 865, 715, 16973, 5213, 1970, 366, 6055, 2738, 1274, 20, 155, 3343, 3133, 689, 851, 2505, 4948, 691, 966, 1652, 2292, 382, 1345, 855, 671, 1492, 33931, 1118, 1334, 365, 453, 5148, 4169, 6800, 1321, 1296, 8665, 161, 904, 10369, 430, 16926, 1348, 23532, 1605, 1352, 1891, 1378
NUM EDGES NEG = 533
NUM EDGES POS = 2529
