100
0 0 10 0 0 0 0 0 0 -10 0 10 0 0 0 -20 0 0 0 0 0 0 0 0 -20 10 -10 0 -10 0 -20 0 0 -10 20 -10 0 -10 0 -20 0 0 0 10 0 -10 0 10 -10 -20 0 0 0 0 0 0 0 0 0 0 0 0 0 0 0 0 0 0 0 -10 0 0 -20 0 0 0 0 -20 0 0 0 0 0 0 0 0 0 -20 0 0 0 0 -20 0 -10 0 0 -20 0 0 
0 0 0 0 0 0 -10 0 0 0 0 0 1 1 0 0 5 0 -10 0 2 0 0 0 0 0 -10 0 0 -10 0 -20 0 -10 0 -10 1 -10 0 -20 1 0 1 0 0 0 0 0 -10 -20 0 1 0 0 -20 0 0 -10 0 0 0 0 0 0 0 0 0 0 0 0 0 0 0 1 0 0 0 -20 0 0 1 0 1 -10 0 1 0 0 0 0 0 0 -20 0 -10 0 0 0 0 0 
10 0 0 0 0 0 0 0 0 0 0 10 0 0 0 0 0 0 0 0 0 0 0 0 -10 10 0 0 0 0 0 0 0 0 20 0 0 0 0 0 0 0 0 0 0 -10 0 0 0 0 0 0 0 0 0 0 0 0 0 0 0 0 0 0 0 0 0 0 0 0 0 0 0 0 2 0 0 0 0 0 0 0 0 0 0 0 0 -10 0 0 0 0 0 0 0 0 0 0 0 0 
0 0 0 0 0 0 0 0 13 0 0 0 0 0 0 0 0 0 2 0 0 0 0 0 8 0 0 0 0 0 12 9 0 0 0 0 0 0 0 0 0 0 0 0 16 0 0 0 0 0 0 0 2 0 9 0 0 2 0 0 0 0 0 0 0 0 0 0 0 0 0 3 2 0 0 0 4 0 0 13 0 2 0 2 15 0 0 8 0 0 0 0 0 0 0 0 0 2 0 0 
0 0 0 0 0 0 0 0 0 0 0 0 0 0 0 -7 0 0 1 0 0 4 0 0 0 0 0 0 20 0 0 4 0 0 0 0 0 0 0 0 0 0 0 0 0 3 3 0 0 0 0 0 4 4 4 4 0 1 0 0 0 0 0 1 1 0 0 0 0 20 0 2 0 0 0 0 0 0 0 0 0 4 0 1 1 0 0 0 0 0 0 0 0 4 0 0 0 0 0 0 
0 0 0 0 0 0 0 0 0 0 0 0 0 0 0 1 0 0 4 0 0 0 0 0 2 0 0 1 1 0 0 0 -10 0 0 0 0 0 8 1 0 0 0 0 -10 0 0 0 0 1 0 0 0 0 0 0 0 4 0 0 0 2 0 0 0 0 2 0 8 1 0 0 0 0 0 0 0 1 0 0 0 0 0 4 7 0 0 2 0 0 0 0 1 0 0 0 0 0 0 0 
0 -10 0 0 0 0 0 0 0 0 0 0 -10 -10 -10 2 -10 0 6 -10 -10 0 -10 -10 0 0 0 0 0 0 0 0 0 0 0 0 0 0 0 0 -10 0 -10 0 0 0 0 0 0 0 2 -10 0 0 0 0 0 6 0 -10 0 0 0 0 0 0 0 0 0 0 0 0 0 -10 0 0 0 0 0 0 -10 0 -10 6 0 -10 0 0 0 0 0 0 0 0 0 0 0 0 0 0 
0 0 0 0 0 0 0 0 0 0 0 0 0 0 0 0 0 0 -9 0 0 0 0 0 0 0 0 0 0 2 0 0 0 0 0 0 0 0 0 -18 0 0 0 0 0 0 0 0 0 -18 0 0 0 0 0 0 0 -9 0 0 0 0 0 0 0 0 0 4 0 0 0 0 0 0 0 0 0 -18 0 0 0 0 0 -9 0 0 0 0 4 0 0 0 -18 0 0 0 0 0 0 0 
0 0 0 13 0 0 0 0 0 0 0 0 0 0 0 0 0 0 13 0 0 0 0 0 0 0 0 0 0 0 0 1 0 0 0 0 0 0 0 4 0 0 0 0 0 0 10 0 0 4 0 0 0 0 1 0 0 13 -20 0 0 0 0 0 0 0 0 0 0 0 0 0 0 0 0 0 0 4 0 0 0 0 0 13 0 0 0 0 0 0 2 0 4 0 0 0 0 0 0 0 
-10 0 0 0 0 0 0 0 0 0 0 -10 0 0 0 0 0 0 2 0 0 0 0 0 0 -10 0 10 -5 0 0 0 0 0 -10 0 0 0 -10 0 0 0 0 0 1 4 2 0 0 0 0 0 0 0 0 0 0 2 0 0 0 0 0 0 0 0 0 0 -10 -5 0 0 0 0 0 0 0 0 0 0 0 0 0 2 0 0 0 0 0 0 0 0 0 0 0 0 0 0 0 0 
0 0 0 0 0 0 0 0 0 0 0 0 0 0 0 1 0 0 0 0 0 1 0 0 0 0 0 5 0 2 2 2 0 0 0 0 0 0 0 8 0 0 0 0 0 0 2 0 0 8 0 0 4 1 2 0 -18 0 0 0 0 0 0 0 0 0 0 0 0 0 2 0 1 0 0 0 0 8 2 0 0 4 0 0 1 0 0 0 0 0 0 0 8 1 0 0 0 1 0 0 
10 0 10 0 0 0 0 0 0 -10 0 0 0 0 0 0 0 0 0 0 0 0 0 0 -20 10 -10 0 -20 0 -20 0 0 -20 10 -10 0 -10 0 -10 0 0 0 10 0 -10 0 10 -10 -10 0 0 0 0 0 0 0 0 0 0 0 0 0 0 0 0 0 0 0 -20 0 0 -10 0 0 0 0 -10 0 0 0 0 0 0 0 0 0 -20 0 0 0 0 -10 0 -10 0 0 -10 0 0 
0 1 0 0 0 0 -10 0 0 0 0 0 0 1 0 0 2 0 -10 0 1 0 0 0 0 0 -10 0 0 -10 0 -20 0 -10 0 -10 0 -10 0 -20 3 0 2 0 0 0 0 0 -10 -20 0 1 0 0 -20 0 0 -10 0 0 0 0 0 0 0 0 0 0 0 0 0 0 0 1 0 0 0 -20 0 0 1 0 3 -10 0 0 0 0 0 0 0 0 -20 0 -10 0 0 0 0 0 
0 1 0 0 0 0 -10 0 0 0 0 0 1 0 10 0 1 0 -10 4 0 0 1 5 0 0 -10 0 0 0 0 0 0 0 0 -10 0 -10 0 -10 0 0 1 0 0 0 0 0 -10 -10 0 1 0 0 0 0 0 -10 0 1 0 0 0 0 0 0 0 0 0 0 0 0 0 1 0 0 0 -10 0 0 0 0 0 -10 0 1 0 0 0 0 0 0 -10 0 -10 0 0 0 0 0 
0 0 0 0 0 0 -10 0 0 0 0 0 0 10 0 0 0 0 -10 0 1 0 0 1 0 0 -10 0 0 0 0 -10 0 0 0 -10 0 -10 0 -20 1 0 0 0 0 -10 0 0 -10 -20 0 0 0 0 -10 0 0 -10 0 0 0 0 0 0 0 0 0 0 0 0 0 0 0 0 0 0 0 -20 0 0 10 0 1 -10 0 0 0 0 0 0 0 0 -20 0 0 0 0 0 0 0 
-20 0 0 0 -7 1 2 0 0 0 1 0 0 0 0 0 0 0 -5 0 0 0 0 0 0 0 0 4 -1 14 0 6 2 0 -10 0 0 0 -7 6 0 0 0 0 2 6 0 0 0 6 2 0 0 0 6 1 5 -5 5 0 1 0 0 0 0 1 4 5 -7 -1 0 3 1 0 0 0 0 6 0 0 0 0 0 -5 0 0 5 0 5 1 0 0 6 0 0 7 0 1 0 0 
0 5 0 0 0 0 -10 0 0 0 0 0 2 1 0 0 0 0 -10 0 1 0 0 0 0 0 -10 0 0 0 0 -20 0 -10 0 -10 0 -10 0 -20 5 0 2 0 0 0 0 0 -10 -20 0 6 0 0 -20 0 0 -10 0 0 0 0 0 0 0 0 0 0 0 0 0 0 0 6 0 0 0 -20 0 0 1 0 5 -10 0 2 0 0 0 0 0 0 -20 0 -10 0 0 0 0 0 
0 0 0 0 0 0 0 0 0 0 0 0 0 0 0 0 0 0 0 0 0 0 0 0 0 0 0 0 0 0 0 0 0 0 0 0 0 0 0 -7 0 6 0 0 0 -1 0 0 0 -7 4 0 0 0 0 0 0 0 0 0 0 0 0 0 0 0 0 2 0 0 0 0 -10 0 0 4 0 -7 0 0 0 0 0 0 0 0 0 0 2 0 0 0 -7 0 0 0 0 -10 0 0 
0 -10 0 2 1 4 6 -9 13 2 0 0 -10 -10 -10 -5 -10 0 0 -20 -10 12 -10 -10 0 0 0 2 -10 4 0 5 -9 0 0 0 0 0 6 -3 -10 -5 -10 0 0 -4 2 0 0 -3 3 -10 0 12 5 5 -10 0 5 -10 5 0 0 2 2 0 7 2 6 -10 2 2 2 -10 4 0 7 -3 0 13 -10 0 -10 0 -1 -10 1 0 2 4 5 4 -3 12 0 0 0 2 4 0 
0 0 0 0 0 0 -10 0 0 0 0 0 0 4 0 0 0 0 -20 0 1 0 0 1 0 0 -10 0 0 0 0 -10 0 -10 0 -10 0 -10 0 -20 1 0 0 0 0 -10 0 0 -10 -20 0 0 0 0 -10 0 0 -20 0 0 0 0 0 0 0 0 0 0 0 0 0 0 0 0 0 0 0 -20 0 0 4 0 1 -20 0 0 0 0 0 0 0 0 -20 0 -10 0 0 0 0 0 
0 2 0 0 0 0 -10 0 0 0 0 0 1 0 1 0 1 0 -10 1 0 0 1 1 0 0 -10 0 0 0 0 -20 0 -10 0 -10 0 -10 0 -20 1 0 2 0 0 0 0 0 -10 -20 0 1 0 0 -20 0 0 -10 0 1 0 0 0 0 0 0 0 0 0 0 0 0 0 1 0 0 0 -20 0 0 0 0 1 -10 0 1 0 0 0 0 0 0 -20 0 -10 0 0 0 0 0 
0 0 0 0 4 0 0 0 0 0 1 0 0 0 0 0 0 0 12 0 0 0 0 0 0 0 0 1 5 0 0 5 0 0 0 0 0 0 -10 3 0 0 0 0 0 3 0 0 0 3 0 0 0 0 5 2 0 12 1 0 0 0 0 0 0 1 8 6 -10 5 6 0 1 0 0 0 0 3 0 0 0 0 0 12 2 0 0 0 6 0 0 0 3 0 0 2 0 1 0 0 
0 0 0 0 0 0 -10 0 0 0 0 0 0 1 0 0 0 0 -10 0 1 0 0 1 0 0 -10 0 0 0 0 0 0 -10 0 -10 0 -10 0 -20 0 0 0 0 0 -20 0 0 -10 -20 0 0 0 0 0 0 0 -10 0 0 0 0 0 0 0 0 0 0 0 0 0 0 0 0 0 0 0 -20 0 0 1 0 0 -10 0 0 0 0 0 0 0 0 -20 0 -10 0 0 0 0 0 
0 0 0 0 0 0 -10 0 0 0 0 0 0 5 1 0 0 0 -10 1 1 0 1 0 0 0 -10 0 0 0 0 -10 0 0 0 -10 0 -10 0 -10 1 0 0 0 0 -10 0 0 -10 -10 0 0 0 0 -10 0 0 -10 0 1 0 0 0 0 0 0 0 0 0 0 0 0 0 0 0 0 0 -10 0 0 5 0 1 -10 0 0 0 0 0 0 0 0 -10 0 0 0 0 0 0 0 
-20 0 -10 8 0 2 0 0 0 0 0 -20 0 0 0 0 0 0 0 0 0 0 0 0 0 -20 0 0 -10 0 0 0 0 0 -20 0 0 0 0 0 0 0 0 -10 0 3 0 -10 0 0 0 0 0 0 0 0 0 0 1 0 0 0 0 0 0 0 0 0 0 -10 0 0 9 0 -1 0 1 0 0 0 0 0 0 0 6 0 0 0 0 2 0 0 0 0 0 0 0 9 0 0 
10 0 10 0 0 0 0 0 0 -10 0 10 0 0 0 0 0 0 0 0 0 0 0 0 -20 0 -10 0 -20 0 -20 0 0 -10 20 -10 0 -10 0 -10 0 0 0 10 0 -10 0 10 -10 -10 0 0 0 0 0 0 0 0 0 0 0 0 0 0 0 0 0 0 0 -20 0 0 -20 0 0 0 0 -10 0 0 0 0 0 0 0 0 0 -20 0 0 0 0 -10 0 -10 0 0 -20 0 0 
-10 -10 0 0 0 0 0 0 0 0 0 -10 -10 -10 -10 0 -10 0 0 -10 -10 0 -10 -10 0 -10 0 0 0 0 0 0 0 0 -10 0 -10 0 0 0 -10 0 -10 0 0 0 0 0 0 0 0 -10 0 0 0 0 0 0 0 -10 0 0 0 0 0 0 0 0 0 0 0 0 0 -10 0 0 0 0 0 0 -10 0 -10 0 0 -10 0 0 0 0 0 0 0 0 0 0 0 0 0 0 
0 0 0 0 0 1 0 0 0 10 5 0 0 0 0 4 0 0 2 0 0 1 0 0 0 0 0 0 12 0 0 2 0 0 10 0 0 0 -7 0 0 0 0 0 6 2 0 0 0 0 0 0 0 1 2 2 0 2 0 0 0 0 0 0 0 5 0 0 -7 12 0 4 0 0 0 0 0 0 0 0 0 0 0 2 1 0 0 0 0 1 0 0 0 1 0 0 0 0 0 0 
-10 0 0 0 20 1 0 0 0 -5 0 -20 0 0 0 -1 0 0 -10 0 0 5 0 0 -10 -20 0 12 0 0 -10 2 -7 0 -20 0 0 0 0 -10 0 -9 0 0 0 -9 5 0 0 -10 0 0 1 5 2 6 2 -10 4 0 2 0 0 10 10 0 0 5 0 0 0 9 0 0 19 7 6 -10 4 0 0 1 0 -10 7 0 0 -10 5 1 3 4 -10 5 0 9 0 0 2 0 
0 -10 0 0 0 0 0 2 0 0 2 0 -10 0 0 14 0 0 4 0 0 0 0 0 0 0 0 0 0 0 0 0 0 0 0 0 0 0 0 -7 0 0 0 0 0 0 0 0 0 -7 11 -10 0 0 0 0 0 4 0 0 0 0 0 0 0 2 0 0 0 0 0 0 2 -10 0 3 0 -7 0 0 0 0 0 4 0 -10 0 0 0 0 0 0 -7 0 0 0 0 2 0 3 
-20 0 0 12 0 0 0 0 0 0 2 -20 0 0 0 0 0 0 0 0 0 0 0 0 0 -20 0 0 -10 0 0 10 0 0 -10 0 0 0 0 0 0 0 0 0 4 0 0 0 0 0 0 0 0 0 10 0 -20 0 0 0 0 0 0 0 0 2 0 0 0 -10 0 0 0 0 0 0 0 0 0 0 0 0 0 0 2 0 0 0 0 0 0 0 0 0 0 0 0 0 0 0 
0 -20 0 9 4 0 0 0 1 0 2 0 -20 0 -10 6 -20 0 5 -10 -20 5 0 -10 0 0 0 2 2 0 10 0 3 0 0 0 0 0 5 4 0 11 0 0 0 8 0 0 0 4 8 0 0 5 0 5 0 5 -2 0 2 7 0 0 0 2 1 6 5 2 0 2 4 0 9 0 5 4 0 1 0 0 0 5 7 -20 8 0 6 0 0 0 4 5 0 0 4 4 4 0 
0 0 0 0 0 -10 0 0 0 0 0 0 0 0 0 2 0 0 -9 0 0 0 0 0 0 0 0 0 -7 0 0 3 0 0 0 0 0 0 0 0 0 0 0 0 0 0 0 0 0 0 0 0 0 0 3 0 0 -9 -1 0 0 0 0 0 0 0 1 0 0 -7 0 0 0 0 0 0 0 0 0 0 0 0 0 -9 -8 0 0 0 0 -10 0 0 0 0 0 0 -2 0 0 0 
-10 -10 0 0 0 0 0 0 0 0 0 -20 -10 0 0 0 -10 0 0 -10 -10 0 -10 0 0 -10 0 0 0 0 0 0 0 0 -20 0 -10 0 0 0 -10 0 -10 0 0 0 0 0 0 0 0 -10 0 0 0 0 0 0 0 -10 0 0 0 0 0 0 0 0 0 0 0 0 0 -10 0 0 0 0 0 0 0 0 -10 0 0 -10 0 0 0 0 0 0 0 0 0 0 0 0 0 0 
20 0 20 0 0 0 0 0 0 -10 0 10 0 0 0 -10 0 0 0 0 0 0 0 0 -20 20 -10 10 -20 0 -10 0 0 -20 0 -10 0 0 -10 -20 0 -10 0 20 0 -10 0 20 -10 -20 0 0 0 0 0 0 -10 0 10 0 0 0 0 0 0 0 0 -10 -10 -20 0 -10 -20 0 0 0 -10 -20 0 0 0 0 0 0 0 0 0 -20 -10 0 -10 0 -20 0 -10 0 0 -20 0 0 
-10 -10 0 0 0 0 0 0 0 0 0 -10 -10 -10 -10 0 -10 0 0 -10 -10 0 -10 -10 0 -10 0 0 0 0 0 0 0 0 -10 0 -10 0 0 0 -10 0 -10 0 0 0 0 0 0 0 0 -10 0 0 0 0 0 0 0 -10 0 0 0 0 0 0 0 0 0 0 0 0 0 -10 0 0 0 0 0 0 -10 0 -10 0 0 -10 0 0 0 0 0 0 0 0 0 0 0 0 0 0 
0 1 0 0 0 0 0 0 0 0 0 0 0 0 0 0 0 0 0 0 0 0 0 0 0 0 -10 0 0 0 0 0 0 -10 0 -10 0 -10 0 -20 0 0 0 0 0 0 0 0 -10 -20 0 1 0 0 0 0 0 0 0 0 0 0 0 0 0 0 0 0 0 0 0 0 0 1 0 0 0 -20 0 0 0 0 0 0 0 0 0 0 0 0 0 0 -20 0 0 0 0 0 0 0 
-10 -10 0 0 0 0 0 0 0 0 0 -10 -10 -10 -10 0 -10 0 0 -10 -10 0 -10 -10 0 -10 0 0 0 0 0 0 0 0 0 0 -10 0 0 0 -10 0 -10 0 0 0 0 0 0 0 0 -10 0 0 0 0 0 0 0 -10 0 0 0 0 0 0 0 0 0 0 0 0 0 -10 0 0 0 0 0 0 -10 0 -10 0 0 -10 0 0 0 0 0 0 0 0 0 0 0 0 0 0 
0 0 0 0 0 8 0 0 0 -10 0 0 0 0 0 -7 0 0 6 0 0 -10 0 0 0 0 0 -7 0 0 0 5 0 0 -10 0 0 0 0 0 0 -5 0 0 0 0 0 0 0 0 0 0 0 -10 5 0 0 6 0 0 0 0 0 0 0 0 0 0 0 0 0 -10 0 0 0 0 0 0 0 0 0 0 0 6 -1 0 0 0 0 8 10 0 0 -10 0 0 0 0 7 0 
-20 -20 0 0 0 1 0 -18 4 0 8 -10 -20 -10 -20 6 -20 -7 -3 -20 -20 3 -20 -10 0 -10 0 0 -10 -7 0 4 0 0 -20 0 -20 0 0 0 -20 0 -20 0 0 6 1 0 0 0 9 -20 0 3 4 8 -8 -3 8 -20 0 0 2 0 0 8 0 4 0 -10 0 2 -4 -20 7 0 5 0 0 4 -10 0 -20 -3 7 -20 0 0 4 1 5 2 0 3 0 0 2 -4 2 4 
0 1 0 0 0 0 -10 0 0 0 0 0 3 0 1 0 5 0 -10 1 1 0 0 1 0 0 -10 0 0 0 0 0 0 -10 0 -10 0 -10 0 -20 0 0 1 0 0 0 0 0 -10 -20 0 1 0 0 0 0 0 -10 0 0 0 0 0 0 0 0 0 0 0 0 0 0 0 1 0 0 0 -20 0 0 0 0 0 -10 0 3 0 0 0 0 0 0 -20 0 -10 0 0 0 0 0 
0 0 0 0 0 0 0 0 0 0 0 0 0 0 0 0 0 6 -5 0 0 0 0 0 0 0 0 0 -9 0 0 11 0 0 -10 0 0 0 -5 0 0 0 0 0 0 0 0 0 0 0 0 0 0 0 11 0 0 -5 0 0 0 0 0 0 0 0 0 3 -5 -9 0 0 0 0 0 0 6 0 2 0 0 0 0 -5 2 0 0 0 3 0 0 0 0 0 0 0 0 0 4 0 
0 1 0 0 0 0 -10 0 0 0 0 0 2 1 0 0 2 0 -10 0 2 0 0 0 0 0 -10 0 0 0 0 0 0 -10 0 -10 0 -10 0 -20 1 0 0 0 0 0 0 0 -10 -20 0 0 0 0 0 0 0 -10 0 0 0 0 0 0 0 0 0 0 0 0 0 0 0 0 0 0 0 -20 0 0 1 0 1 -10 0 2 0 0 0 0 0 0 -20 0 -10 0 0 0 0 0 
10 0 0 0 0 0 0 0 0 0 0 10 0 0 0 0 0 0 0 0 0 0 0 0 -10 10 0 0 0 0 0 0 0 0 20 0 0 0 0 0 0 0 0 0 0 -10 0 0 0 0 0 0 0 0 0 0 0 0 0 0 0 0 0 0 0 0 0 0 0 0 0 0 0 0 2 0 0 0 0 0 0 0 0 0 0 0 0 -10 0 0 0 0 0 0 0 0 0 0 0 0 
0 0 0 16 0 -10 0 0 0 1 0 0 0 0 0 2 0 0 0 0 0 0 0 0 0 0 0 6 0 0 4 0 0 0 0 0 0 0 0 0 0 0 0 0 0 0 0 0 0 0 0 0 0 0 0 2 0 0 1 0 0 0 0 0 0 0 0 0 0 0 0 0 0 0 0 0 0 0 0 0 0 0 0 0 0 0 0 0 0 -10 0 0 0 0 0 0 0 0 0 0 
-10 0 -10 0 3 0 0 0 0 4 0 -10 0 0 -10 6 0 -1 -4 -10 0 3 -20 -10 3 -10 0 2 -9 0 0 8 0 0 -10 0 0 0 0 6 0 0 0 -10 0 0 0 -10 0 6 8 0 0 3 8 0 0 -4 0 -20 0 2 0 0 0 0 0 0 0 -9 4 0 2 0 0 0 2 6 0 0 0 0 0 -4 4 0 0 3 0 0 0 -1 6 3 0 0 0 2 4 0 
0 0 0 0 3 0 0 0 10 2 2 0 0 0 0 0 0 0 2 0 0 0 0 0 0 0 0 0 5 0 0 0 0 0 0 0 0 0 0 1 0 0 0 0 0 0 0 0 0 1 0 0 0 0 0 2 0 2 2 0 2 0 2 0 0 2 0 0 0 5 0 0 2 0 0 0 5 1 0 10 0 0 0 2 0 0 0 0 0 0 0 0 1 0 0 0 0 2 1 0 
10 0 0 0 0 0 0 0 0 0 0 10 0 0 0 0 0 0 0 0 0 0 0 0 -10 10 0 0 0 0 0 0 0 0 20 0 0 0 0 0 0 0 0 0 0 -10 0 0 0 0 0 0 0 0 0 0 0 0 0 0 0 0 0 0 0 0 0 0 0 0 0 0 0 0 2 0 0 0 0 0 0 0 0 0 0 0 0 -10 0 0 0 0 0 0 0 0 0 0 0 0 
-10 -10 0 0 0 0 0 0 0 0 0 -10 -10 -10 -10 0 -10 0 0 -10 -10 0 -10 -10 0 -10 0 0 0 0 0 0 0 0 -10 0 -10 0 0 0 -10 0 -10 0 0 0 0 0 0 0 0 -10 0 0 0 0 0 0 0 -10 0 0 0 0 0 0 0 0 0 0 0 0 0 -10 0 0 0 0 0 0 -10 0 -10 0 0 -10 0 0 0 0 0 0 0 0 0 0 0 0 0 0 
-20 -20 0 0 0 1 0 -18 4 0 8 -10 -20 -10 -20 6 -20 -7 -3 -20 -20 3 -20 -10 0 -10 0 0 -10 -7 0 4 0 0 -20 0 -20 0 0 0 -20 0 -20 0 0 6 1 0 0 0 9 -20 0 3 4 8 -8 -3 8 -20 0 0 2 0 0 8 0 4 0 -10 0 2 -4 -20 7 0 5 0 0 4 -10 0 -20 -3 7 -20 0 0 4 1 5 2 0 3 0 0 2 -4 2 4 
0 0 0 0 0 0 2 0 0 0 0 0 0 0 0 2 0 4 3 0 0 0 0 0 0 0 0 0 0 11 0 8 0 0 0 0 0 0 0 9 0 0 0 0 0 8 0 0 0 9 0 0 0 0 8 0 0 3 0 0 0 0 0 0 0 0 0 4 0 0 0 1 8 0 0 2 12 9 0 0 0 0 0 3 6 0 0 0 4 0 0 3 9 0 0 0 0 8 1 2 
0 1 0 0 0 0 -10 0 0 0 0 0 1 1 0 0 6 0 -10 0 1 0 0 0 0 0 -10 0 0 -10 0 0 0 -10 0 -10 1 -10 0 -20 1 0 0 0 0 0 0 0 -10 -20 0 0 0 0 0 0 0 -10 0 0 0 0 0 0 0 0 0 0 0 0 0 0 0 0 0 0 0 -20 0 0 1 0 1 -10 0 1 0 0 0 0 0 0 -20 0 -10 0 0 0 0 0 
0 0 0 2 4 0 0 0 0 0 4 0 0 0 0 0 0 0 0 0 0 0 0 0 0 0 0 0 1 0 0 0 0 0 0 0 0 0 0 0 0 0 0 0 0 0 0 0 0 0 0 0 0 0 0 2 2 0 0 0 0 0 0 0 0 4 0 0 0 1 0 0 2 0 8 0 0 0 0 0 0 0 0 0 0 0 0 0 0 0 0 0 0 0 0 0 0 2 0 0 
0 0 0 0 4 0 0 0 0 0 1 0 0 0 0 0 0 0 12 0 0 0 0 0 0 0 0 1 5 0 0 5 0 0 0 0 0 0 -10 3 0 0 0 0 0 3 0 0 0 3 0 0 0 0 5 2 0 12 1 0 0 0 0 0 0 1 8 6 -10 5 6 0 1 0 0 0 0 3 0 0 0 0 0 12 2 0 0 0 6 0 0 0 3 0 0 2 0 1 0 0 
0 -20 0 9 4 0 0 0 1 0 2 0 -20 0 -10 6 -20 0 5 -10 -20 5 0 -10 0 0 0 2 2 0 10 0 3 0 0 0 0 0 5 4 0 11 0 0 0 8 0 0 0 4 8 0 0 5 0 5 0 5 -2 0 2 7 0 0 0 2 1 6 5 2 0 2 4 0 9 0 5 4 0 1 0 0 0 5 7 -20 8 0 6 0 0 0 4 5 0 0 4 4 4 0 
0 0 0 0 4 0 0 0 0 0 0 0 0 0 0 1 0 0 5 0 0 2 0 0 0 0 0 2 6 0 0 5 0 0 0 0 0 0 0 8 0 0 0 0 2 0 2 0 0 8 0 0 2 2 5 0 0 5 1 0 0 0 6 0 0 0 4 0 0 6 0 0 5 0 4 0 8 8 0 0 0 2 0 5 2 0 0 0 0 0 0 0 8 2 0 0 0 5 0 0 
0 0 0 0 0 0 0 0 0 0 -18 0 0 0 0 5 0 0 -10 0 0 0 0 0 0 0 0 0 2 0 -20 0 0 0 -10 0 0 0 0 -8 0 0 0 0 0 0 0 0 0 -8 0 0 2 0 0 0 0 -10 0 0 0 5 0 0 0 -18 0 6 0 2 0 -8 0 0 -9 0 0 -8 0 0 0 2 0 -10 0 0 0 0 6 0 0 -10 -8 0 0 3 0 0 0 0 
0 -10 0 2 1 4 6 -9 13 2 0 0 -10 -10 -10 -5 -10 0 0 -20 -10 12 -10 -10 0 0 0 2 -10 4 0 5 -9 0 0 0 0 0 6 -3 -10 -5 -10 0 0 -4 2 0 0 -3 3 -10 0 12 5 5 -10 0 5 -10 5 0 0 2 2 0 7 2 6 -10 2 2 2 -10 4 0 7 -3 0 13 -10 0 -10 0 -1 -10 1 0 2 4 5 4 -3 12 0 0 0 2 4 0 
0 0 0 0 0 0 0 0 -20 0 0 0 0 0 0 5 0 0 5 0 0 1 0 0 1 0 0 0 4 0 0 -2 -1 0 10 0 0 0 0 8 0 0 0 0 1 0 2 0 0 8 0 0 0 1 -2 1 0 5 0 0 0 0 0 0 0 0 0 5 0 4 0 0 0 0 0 0 3 8 0 -20 0 0 0 5 2 0 0 1 5 0 0 0 8 1 0 0 0 0 0 0 
0 0 0 0 0 0 -10 0 0 0 0 0 0 1 0 0 0 0 -10 0 1 0 0 1 0 0 -10 0 0 0 0 0 0 -10 0 -10 0 -10 0 -20 0 0 0 0 0 -20 0 0 -10 -20 0 0 0 0 0 0 0 -10 0 0 0 0 0 0 0 0 0 0 0 0 0 0 0 0 0 0 0 -20 0 0 1 0 0 -10 0 0 0 0 0 0 0 0 -20 0 -10 0 0 0 0 0 
0 0 0 0 0 0 0 0 0 0 0 0 0 0 0 1 0 0 5 0 0 0 0 0 0 0 0 0 2 0 0 2 0 0 0 0 0 0 0 0 0 0 0 0 0 0 2 0 0 0 0 0 0 0 2 0 0 5 0 0 0 0 0 0 0 0 0 0 0 2 0 0 4 0 0 0 0 0 0 0 0 0 0 5 0 0 0 0 0 0 0 0 0 0 0 0 0 4 0 0 
0 0 0 0 0 2 0 0 0 0 0 0 0 0 0 0 0 0 0 0 0 0 0 0 0 0 0 0 0 0 0 7 0 0 0 0 0 0 0 0 0 0 0 0 0 2 0 0 0 0 0 0 0 0 7 0 5 0 0 0 0 0 0 0 0 0 0 4 0 0 0 4 0 0 0 0 2 0 0 0 0 0 0 0 9 0 0 0 4 2 0 0 0 0 0 0 0 0 0 0 
0 0 0 0 0 0 0 0 0 0 0 0 0 0 0 0 0 0 0 0 0 0 0 0 0 0 0 0 0 0 0 0 0 0 0 0 0 0 0 2 0 0 0 0 0 0 2 0 0 2 0 0 0 0 0 6 0 0 0 0 0 0 0 0 0 0 0 0 0 0 0 0 0 0 0 0 0 2 0 0 0 0 0 0 0 0 0 0 0 0 0 0 2 0 0 0 0 0 0 0 
0 0 0 0 1 0 0 0 0 0 0 0 0 0 0 0 0 0 2 0 0 0 0 0 0 0 0 0 10 0 0 0 0 0 0 0 0 0 0 0 0 0 0 0 0 0 0 0 0 0 0 0 0 0 0 0 0 2 0 0 0 0 0 0 0 0 0 2 0 10 0 0 0 0 11 0 2 0 0 0 0 0 0 2 0 0 0 0 2 0 2 0 0 0 0 0 0 0 0 0 
0 0 0 0 1 0 0 0 0 0 0 0 0 0 0 0 0 0 2 0 0 0 0 0 0 0 0 0 10 0 0 0 0 0 0 0 0 0 0 0 0 0 0 0 0 0 0 0 0 0 0 0 0 0 0 0 0 2 0 0 0 0 0 0 0 0 0 2 0 10 0 0 0 0 11 0 2 0 0 0 0 0 0 2 0 0 0 0 2 0 2 0 0 0 0 0 0 0 0 0 
0 0 0 0 0 0 0 0 0 0 0 0 0 0 0 1 0 0 0 0 0 1 0 0 0 0 0 5 0 2 2 2 0 0 0 0 0 0 0 8 0 0 0 0 0 0 2 0 0 8 0 0 4 1 2 0 -18 0 0 0 0 0 0 0 0 0 0 0 0 0 2 0 1 0 0 0 0 8 2 0 0 4 0 0 1 0 0 0 0 0 0 0 8 1 0 0 0 1 0 0 
0 0 0 0 0 2 0 0 0 0 0 0 0 0 0 4 0 0 7 0 0 8 0 0 0 0 0 0 0 0 0 1 1 0 0 0 0 0 0 0 0 0 0 0 0 0 0 0 0 0 0 0 0 8 1 4 0 7 0 0 0 0 0 0 0 0 0 0 0 0 0 4 0 0 0 0 2 0 0 0 0 0 0 7 5 0 0 0 0 2 0 0 0 8 0 0 0 0 0 0 
0 0 0 0 0 0 0 4 0 0 0 0 0 0 0 5 0 2 2 0 0 6 0 0 0 0 0 0 5 0 0 6 0 0 -10 0 0 0 0 4 0 3 0 0 0 0 0 0 0 4 4 0 0 6 6 0 6 2 5 0 0 4 0 2 2 0 0 0 0 5 3 0 2 0 6 7 15 4 0 0 0 0 0 2 1 0 0 0 0 0 0 0 4 6 0 0 0 2 7 0 
0 0 0 0 0 8 0 0 0 -10 0 0 0 0 0 -7 0 0 6 0 0 -10 0 0 0 0 0 -7 0 0 0 5 0 0 -10 0 0 0 0 0 0 -5 0 0 0 0 0 0 0 0 0 0 0 -10 5 0 0 6 0 0 0 0 0 0 0 0 0 0 0 0 0 -10 0 0 0 0 0 0 0 0 0 0 0 6 -1 0 0 0 0 8 10 0 0 -10 0 0 0 0 7 0 
-10 0 0 0 20 1 0 0 0 -5 0 -20 0 0 0 -1 0 0 -10 0 0 5 0 0 -10 -20 0 12 0 0 -10 2 -7 0 -20 0 0 0 0 -10 0 -9 0 0 0 -9 5 0 0 -10 0 0 1 5 2 6 2 -10 4 0 2 0 0 10 10 0 0 5 0 0 0 9 0 0 19 7 6 -10 4 0 0 1 0 -10 7 0 0 -10 5 1 3 4 -10 5 0 9 0 0 2 0 
0 0 0 0 0 0 0 0 0 0 2 0 0 0 0 0 0 0 2 0 0 6 0 0 0 0 0 0 0 0 0 0 0 0 0 0 0 0 0 0 0 0 0 0 0 4 0 0 0 0 0 0 0 6 0 0 0 2 0 0 0 0 0 0 0 2 0 3 0 0 0 0 -1 0 0 0 0 0 0 0 0 0 0 2 0 0 0 0 3 0 1 0 0 6 0 0 0 -1 0 0 
0 0 0 3 2 0 0 0 0 0 0 0 0 0 0 3 0 0 2 0 0 0 0 0 0 0 0 4 9 0 0 2 0 0 -10 0 0 0 -10 2 0 0 0 0 0 0 0 0 0 2 1 0 0 0 2 0 -8 2 0 0 0 4 0 0 0 0 4 0 -10 9 0 0 0 0 2 0 0 2 0 0 0 0 0 2 2 0 0 0 0 0 0 0 2 0 0 0 0 0 2 0 
-20 0 0 2 0 0 0 0 0 0 1 -10 0 0 0 1 0 -10 2 0 0 1 0 0 9 -20 0 0 0 2 0 4 0 0 -20 0 0 0 0 -4 0 0 0 0 0 2 2 0 0 -4 8 0 2 1 4 5 0 2 0 0 4 0 0 0 0 1 0 2 0 0 -1 0 0 0 -1 -1 6 -4 0 0 0 2 0 2 1 0 0 9 2 0 0 0 -4 1 0 0 0 0 1 0 
0 1 0 0 0 0 -10 0 0 0 0 0 1 1 0 0 6 0 -10 0 1 0 0 0 0 0 -10 0 0 -10 0 0 0 -10 0 -10 1 -10 0 -20 1 0 0 0 0 0 0 0 -10 -20 0 0 0 0 0 0 0 -10 0 0 0 0 0 0 0 0 0 0 0 0 0 0 0 0 0 0 0 -20 0 0 1 0 1 -10 0 1 0 0 0 0 0 0 -20 0 -10 0 0 0 0 0 
0 0 2 0 0 0 0 0 0 0 0 0 0 0 0 0 0 0 4 0 0 0 0 0 -1 0 0 0 19 0 0 9 0 0 0 0 0 0 0 7 0 0 0 2 0 0 0 2 0 7 0 0 8 0 9 4 -9 4 0 0 0 0 0 11 11 0 0 6 0 19 0 2 -1 0 0 0 3 7 0 0 0 8 0 4 0 0 0 -1 6 0 0 0 7 0 0 4 0 -1 0 0 
0 0 0 0 0 0 0 0 0 0 0 0 0 0 0 0 0 4 0 0 0 0 0 0 0 0 0 0 7 3 0 0 0 0 0 0 0 0 0 0 0 0 0 0 0 0 0 0 0 0 2 0 0 0 0 0 0 0 0 0 0 0 0 0 0 0 0 7 0 7 0 0 -1 0 0 0 5 0 0 0 0 0 0 0 0 0 0 0 7 0 0 0 0 0 0 0 0 -1 0 0 
0 0 0 4 0 0 0 0 0 0 0 0 0 0 0 0 0 0 7 0 0 0 0 0 1 0 0 0 6 0 0 5 0 0 -10 0 0 0 0 5 0 6 0 0 0 2 5 0 0 5 12 0 0 0 5 8 0 7 3 0 0 2 0 2 2 0 2 15 0 6 0 0 6 0 3 5 0 5 2 0 0 0 0 7 0 0 0 1 15 0 0 1 5 0 0 16 2 6 0 0 
-20 -20 0 0 0 1 0 -18 4 0 8 -10 -20 -10 -20 6 -20 -7 -3 -20 -20 3 -20 -10 0 -10 0 0 -10 -7 0 4 0 0 -20 0 -20 0 0 0 -20 0 -20 0 0 6 1 0 0 0 9 -20 0 3 4 8 -8 -3 8 -20 0 0 2 0 0 8 0 4 0 -10 0 2 -4 -20 7 0 5 0 0 4 -10 0 -20 -3 7 -20 0 0 4 1 5 2 0 3 0 0 2 -4 2 4 
0 0 0 0 0 0 0 0 0 0 2 0 0 0 0 0 0 0 0 0 0 0 0 0 0 0 0 0 4 0 0 0 0 0 0 0 0 0 0 0 0 2 0 0 0 0 0 0 0 0 0 0 0 0 0 0 0 0 0 0 0 0 0 0 0 2 0 0 0 4 0 0 0 0 0 0 2 0 0 0 0 0 0 0 0 0 0 0 0 0 0 0 0 0 0 0 0 0 0 0 
0 0 0 13 0 0 0 0 0 0 0 0 0 0 0 0 0 0 13 0 0 0 0 0 0 0 0 0 0 0 0 1 0 0 0 0 0 0 0 4 0 0 0 0 0 0 10 0 0 4 0 0 0 0 1 0 0 13 -20 0 0 0 0 0 0 0 0 0 0 0 0 0 0 0 0 0 0 4 0 0 0 0 0 13 0 0 0 0 0 0 2 0 4 0 0 0 0 0 0 0 
0 1 0 0 0 0 -10 0 0 0 0 0 1 0 10 0 1 0 -10 4 0 0 1 5 0 0 -10 0 0 0 0 0 0 0 0 -10 0 -10 0 -10 0 0 1 0 0 0 0 0 -10 -10 0 1 0 0 0 0 0 -10 0 1 0 0 0 0 0 0 0 0 0 0 0 0 0 1 0 0 0 -10 0 0 0 0 0 -10 0 1 0 0 0 0 0 0 -10 0 -10 0 0 0 0 0 
0 0 0 2 4 0 0 0 0 0 4 0 0 0 0 0 0 0 0 0 0 0 0 0 0 0 0 0 1 0 0 0 0 0 0 0 0 0 0 0 0 0 0 0 0 0 0 0 0 0 0 0 0 0 0 2 2 0 0 0 0 0 0 0 0 4 0 0 0 1 0 0 2 0 8 0 0 0 0 0 0 0 0 0 0 0 0 0 0 0 0 0 0 0 0 0 0 2 0 0 
0 1 0 0 0 0 -10 0 0 0 0 0 3 0 1 0 5 0 -10 1 1 0 0 1 0 0 -10 0 0 0 0 0 0 -10 0 -10 0 -10 0 -20 0 0 1 0 0 0 0 0 -10 -20 0 1 0 0 0 0 0 -10 0 0 0 0 0 0 0 0 0 0 0 0 0 0 0 1 0 0 0 -20 0 0 0 0 0 -10 0 3 0 0 0 0 0 0 -20 0 -10 0 0 0 0 0 
0 -10 0 2 1 4 6 -9 13 2 0 0 -10 -10 -10 -5 -10 0 0 -20 -10 12 -10 -10 0 0 0 2 -10 4 0 5 -9 0 0 0 0 0 6 -3 -10 -5 -10 0 0 -4 2 0 0 -3 3 -10 0 12 5 5 -10 0 5 -10 5 0 0 2 2 0 7 2 6 -10 2 2 2 -10 4 0 7 -3 0 13 -10 0 -10 0 -1 -10 1 0 2 4 5 4 -3 12 0 0 0 2 4 0 
0 0 0 15 1 7 0 0 0 0 1 0 0 0 0 0 0 0 -1 0 0 2 0 0 6 0 0 1 7 0 2 7 -8 0 0 0 0 0 -1 7 0 2 0 0 0 4 0 0 0 7 6 0 0 2 7 2 0 -1 2 0 0 9 0 0 0 1 5 1 -1 7 0 2 1 0 0 0 0 7 0 0 0 0 0 -1 0 0 0 6 1 7 0 0 7 2 0 0 2 1 15 0 
0 1 0 0 0 0 -10 0 0 0 0 0 0 1 0 0 2 0 -10 0 1 0 0 0 0 0 -10 0 0 -10 0 -20 0 -10 0 -10 0 -10 0 -20 3 0 2 0 0 0 0 0 -10 -20 0 1 0 0 -20 0 0 -10 0 0 0 0 0 0 0 0 0 0 0 0 0 0 0 1 0 0 0 -20 0 0 1 0 3 -10 0 0 0 0 0 0 0 0 -20 0 -10 0 0 0 0 0 
0 0 0 0 0 0 0 0 0 0 0 0 0 0 0 5 0 0 1 0 0 0 0 0 0 0 0 0 0 0 0 8 0 0 0 0 0 0 0 0 0 0 0 0 0 0 0 0 0 0 0 0 0 0 8 0 0 1 0 0 0 0 0 0 0 0 0 0 0 0 0 0 0 0 0 0 0 0 0 0 0 0 0 1 0 0 0 0 0 0 0 2 0 0 0 0 0 0 0 0 
-20 0 -10 8 0 2 0 0 0 0 0 -20 0 0 0 0 0 0 0 0 0 0 0 0 0 -20 0 0 -10 0 0 0 0 0 -20 0 0 0 0 0 0 0 0 -10 0 3 0 -10 0 0 0 0 0 0 0 0 0 0 1 0 0 0 0 0 0 0 0 0 0 -10 0 0 9 0 -1 0 1 0 0 0 0 0 0 0 6 0 0 0 0 2 0 0 0 0 0 0 0 9 0 0 
0 0 0 0 0 0 0 4 0 0 0 0 0 0 0 5 0 2 2 0 0 6 0 0 0 0 0 0 5 0 0 6 0 0 -10 0 0 0 0 4 0 3 0 0 0 0 0 0 0 4 4 0 0 6 6 0 6 2 5 0 0 4 0 2 2 0 0 0 0 5 3 0 2 0 6 7 15 4 0 0 0 0 0 2 1 0 0 0 0 0 0 0 4 6 0 0 0 2 7 0 
0 0 0 0 0 0 0 0 0 0 0 0 0 0 0 1 0 0 4 0 0 0 0 0 2 0 0 1 1 0 0 0 -10 0 0 0 0 0 8 1 0 0 0 0 -10 0 0 0 0 1 0 0 0 0 0 0 0 4 0 0 0 2 0 0 0 0 2 0 8 1 0 0 0 0 0 0 0 1 0 0 0 0 0 4 7 0 0 2 0 0 0 0 1 0 0 0 0 0 0 0 
0 0 0 0 0 0 0 0 2 0 0 0 0 0 0 0 0 0 5 0 0 0 0 0 0 0 0 0 3 0 0 0 0 0 -10 0 0 0 10 5 0 0 0 0 0 0 0 0 0 5 0 0 0 0 0 0 0 5 0 0 0 0 0 2 2 0 0 0 10 3 1 0 0 0 0 0 0 5 0 2 0 0 0 5 0 0 0 0 0 0 0 0 5 0 0 0 0 0 0 0 
0 0 0 0 0 0 0 0 0 0 0 0 0 0 0 0 0 0 4 0 0 0 0 0 0 0 0 0 4 0 0 0 0 0 0 0 0 0 0 2 0 0 0 0 0 -1 0 0 0 2 3 0 0 0 0 0 -10 4 0 0 0 0 0 0 0 0 0 0 0 4 0 0 0 0 0 0 1 2 0 0 0 0 0 4 0 0 2 0 0 0 0 0 2 0 0 0 0 0 0 0 
-20 -20 0 0 0 1 0 -18 4 0 8 -10 -20 -10 -20 6 -20 -7 -3 -20 -20 3 -20 -10 0 -10 0 0 -10 -7 0 4 0 0 -20 0 -20 0 0 0 -20 0 -20 0 0 6 1 0 0 0 9 -20 0 3 4 8 -8 -3 8 -20 0 0 2 0 0 8 0 4 0 -10 0 2 -4 -20 7 0 5 0 0 4 -10 0 -20 -3 7 -20 0 0 4 1 5 2 0 3 0 0 2 -4 2 4 
0 0 0 0 4 0 0 0 0 0 1 0 0 0 0 0 0 0 12 0 0 0 0 0 0 0 0 1 5 0 0 5 0 0 0 0 0 0 -10 3 0 0 0 0 0 3 0 0 0 3 0 0 0 0 5 2 0 12 1 0 0 0 0 0 0 1 8 6 -10 5 6 0 1 0 0 0 0 3 0 0 0 0 0 12 2 0 0 0 6 0 0 0 3 0 0 2 0 1 0 0 
-10 -10 0 0 0 0 0 0 0 0 0 -10 -10 -10 0 0 -10 0 0 -10 -10 0 -10 0 0 -10 0 0 0 0 0 0 0 0 -10 0 0 0 0 0 -10 0 -10 0 0 0 0 0 0 0 0 -10 0 0 0 0 0 0 0 -10 0 0 0 0 0 0 0 0 0 0 0 0 0 -10 0 0 0 0 0 0 -10 0 -10 0 0 -10 0 0 0 0 0 0 0 0 0 0 0 0 0 0 
0 0 0 0 0 0 0 0 0 0 0 0 0 0 0 7 0 0 0 0 0 2 0 0 0 0 0 0 9 0 0 0 0 0 0 0 0 0 0 0 0 0 0 0 0 0 0 0 0 0 0 0 0 2 0 0 3 0 0 0 0 0 0 0 0 0 0 0 0 9 0 0 0 0 4 0 16 0 0 0 0 0 0 0 0 0 0 0 0 0 0 0 0 2 0 0 0 0 0 0 
0 0 0 0 0 0 0 0 0 0 0 0 0 0 0 0 0 0 0 0 0 0 0 0 0 0 0 0 0 0 0 4 -2 0 0 0 0 0 0 2 0 0 0 0 0 0 0 0 0 2 0 0 0 0 4 0 0 0 0 0 0 0 0 0 0 0 0 0 0 0 0 0 0 0 0 0 2 2 0 0 0 0 0 0 2 0 0 0 0 0 0 0 2 0 0 0 0 0 0 0 
-20 0 0 2 0 0 0 0 0 0 1 -10 0 0 0 1 0 -10 2 0 0 1 0 0 9 -20 0 0 0 2 0 4 0 0 -20 0 0 0 0 -4 0 0 0 0 0 2 2 0 0 -4 8 0 2 1 4 5 0 2 0 0 4 0 0 0 0 1 0 2 0 0 -1 0 0 0 -1 -1 6 -4 0 0 0 2 0 2 1 0 0 9 2 0 0 0 -4 1 0 0 0 0 1 0 
0 0 0 0 0 0 0 0 0 0 0 0 0 0 0 0 0 0 4 0 0 0 0 0 0 0 0 0 2 0 0 4 0 0 0 0 0 0 7 2 0 4 0 0 0 4 1 0 0 2 1 0 0 0 4 0 0 4 0 0 0 0 0 0 0 0 0 7 7 2 0 2 1 0 0 0 0 2 0 0 0 0 0 4 15 0 0 0 7 0 0 0 2 0 0 0 0 1 0 0 
0 0 0 0 0 0 0 0 0 0 0 0 0 0 0 0 0 0 0 0 0 0 0 0 0 0 0 0 0 3 0 0 0 0 0 0 0 0 0 4 0 0 0 0 0 0 0 0 0 4 2 0 0 0 0 0 0 0 0 0 0 0 0 0 0 0 0 0 0 0 0 0 0 0 0 0 0 4 0 0 0 0 0 0 0 0 0 0 0 0 0 0 4 0 0 0 0 0 0 0 
 
BitCoin Vertices:
3760, 4686, 2962, 1656, 2214, 309, 4635, 4038, 1719, 2194, 2266, 3757, 4682, 4707, 4668, 1334, 4679, 5472, 905, 4666, 4683, 1953, 4672, 4667, 1363, 3759, 3792, 2173, 2028, 4694, 1318, 1565, 1771, 3787, 3744, 3791, 4743, 3795, 1383, 1810, 4733, 215, 4678, 2962, 1185, 2045, 2198, 2962, 3791, 1810, 4291, 4688, 2795, 1953, 1565, 1899, 2897, 905, 1967, 4672, 2174, 1620, 1757, 2728, 2728, 2266, 1714, 2642, 1383, 2028, 2392, 1802, 2388, 4688, 2725, 3013, 1018, 1810, 2178, 1719, 4707, 2795, 4733, 905, 1, 4682, 4119, 1363, 2642, 309, 1629, 3531, 1810, 1953, 3788, 2763, 1281, 2388, 353, 4616
NUM EDGES NEG = 497
NUM EDGES POS = 749