100
0 0 1 0 0 0 0 0 0 0 0 3 0 0 0 0 0 0 0 0 0 1 10 0 0 0 1 0 0 0 0 0 0 1 0 0 1 0 1 5 0 0 0 0 0 1 0 0 0 2 0 0 0 -10 0 0 0 0 0 0 0 0 0 0 0 0 0 0 0 0 0 0 1 5 1 0 0 1 0 0 0 0 0 0 0 0 0 1 1 0 0 0 0 0 0 0 0 0 0 0 1 0 0 0 0 0 7 
0 0 0 1 0 2 0 1 7 0 0 6 0 2 0 3 0 0 0 0 0 1 10 0 0 0 0 2 1 0 1 2 2 0 0 0 1 0 0 0 0 0 2 0 4 0 0 0 0 0 0 1 1 0 0 0 0 0 2 0 0 0 0 0 0 0 2 2 0 0 0 0 0 0 1 0 7 0 0 1 0 0 0 1 0 2 0 1 0 0 9 2 0 0 0 0 0 0 0 1 0 2 0 1 0 0 1 
1 0 0 0 0 0 0 0 0 0 0 1 0 0 0 0 0 0 0 0 0 0 5 0 -10 0 0 0 0 10 0 1 0 0 0 0 3 0 0 0 1 0 2 0 0 0 0 1 1 1 0 0 0 0 0 0 0 0 0 0 0 1 0 0 0 0 0 1 0 0 0 0 0 0 0 0 0 0 0 0 0 0 0 0 0 2 1 3 0 0 0 2 0 0 0 0 0 0 0 0 0 0 0 0 0 0 0 
0 1 0 0 0 0 2 1 0 0 0 0 0 1 0 0 0 1 0 0 2 0 1 0 -10 0 0 2 1 0 0 2 7 0 2 4 0 4 0 1 0 0 0 0 0 0 1 0 0 0 0 0 2 0 0 0 0 3 0 0 2 0 4 3 0 2 1 2 0 0 0 0 0 1 0 3 0 0 1 2 0 0 0 2 4 0 1 0 1 0 6 0 0 0 0 2 0 0 0 0 1 0 2 0 0 2 -1 
0 0 0 0 0 0 0 0 0 0 0 0 0 0 0 0 0 0 0 0 0 0 0 0 0 0 0 0 0 0 0 0 4 0 0 0 0 1 0 2 0 0 0 0 0 0 0 0 0 0 0 0 0 0 0 0 0 0 0 0 0 0 1 0 0 0 0 0 0 0 0 0 0 2 0 0 0 0 0 0 0 0 0 0 0 0 0 0 0 0 8 0 0 0 0 0 0 0 0 0 0 0 0 0 0 0 -10 
0 1 0 0 0 0 10 0 0 3 0 0 1 1 1 0 0 0 0 0 2 1 0 0 0 0 0 0 0 0 1 2 0 0 3 0 0 0 0 2 0 0 0 1 0 0 0 0 0 0 0 1 0 0 0 0 3 -10 0 0 3 0 0 1 0 2 1 2 0 0 0 4 0 2 1 1 0 0 2 0 0 0 0 0 0 0 0 0 0 0 3 0 1 0 2 0 0 0 0 0 0 0 2 2 0 0 4 
0 0 0 1 0 10 0 4 0 0 0 2 0 0 0 0 0 0 0 0 1 0 0 2 0 4 0 0 2 0 0 0 1 0 0 0 0 0 0 0 0 0 0 0 0 0 0 0 0 0 0 0 0 0 4 1 0 0 10 0 0 0 0 1 0 1 0 0 0 0 0 1 0 0 0 0 0 0 3 0 0 0 0 0 0 0 0 0 0 0 2 0 1 0 0 0 0 0 0 0 0 10 1 0 0 0 0 
0 1 0 1 0 0 1 0 0 1 0 3 2 0 0 0 0 1 0 0 0 0 1 0 0 1 0 0 0 0 0 5 0 1 0 0 1 5 0 0 0 3 2 1 0 1 0 0 0 0 0 0 0 0 1 1 1 1 0 0 0 0 1 0 1 0 0 5 2 0 0 0 0 0 0 0 0 0 0 0 0 0 1 0 0 2 0 1 1 2 0 2 2 0 0 0 0 0 0 0 1 0 0 1 1 1 0 
0 3 0 0 0 0 0 0 0 0 0 1 0 0 0 0 0 0 0 0 0 1 10 0 0 0 0 0 0 0 0 4 0 0 0 0 0 0 2 0 0 0 0 0 0 0 0 1 0 1 2 0 0 0 0 0 0 0 0 0 0 1 0 0 0 0 0 4 0 0 0 0 0 0 1 0 0 0 0 0 0 0 0 0 0 0 0 0 0 0 0 0 0 0 0 0 2 0 0 0 0 0 0 0 0 0 0 
0 0 0 0 0 4 0 1 0 0 0 0 1 3 0 0 1 0 0 0 1 0 0 0 -10 0 0 0 0 0 0 1 0 1 0 0 0 0 0 0 0 0 0 0 0 0 0 0 0 1 0 0 0 0 0 0 0 0 4 0 0 0 2 0 1 1 3 1 0 0 0 0 0 0 0 0 0 0 1 0 0 0 1 0 0 0 0 0 0 0 0 0 0 0 0 0 0 0 0 3 0 4 1 0 0 1 1 
0 0 0 0 0 0 0 0 0 0 0 0 0 1 0 0 0 0 0 0 0 0 0 0 0 0 0 0 0 0 0 1 0 0 1 0 0 0 0 0 0 0 0 0 0 0 0 0 0 0 0 0 0 0 0 0 0 0 0 0 1 0 0 0 0 0 1 1 0 0 0 0 0 0 0 0 0 0 0 0 1 0 0 0 0 0 0 0 0 0 0 0 0 0 0 0 0 0 0 0 0 0 0 0 0 0 5 
4 6 1 0 0 0 2 3 1 0 0 0 0 0 0 0 0 -1 0 4 0 0 8 0 0 0 0 5 3 0 0 3 2 2 0 0 0 3 0 3 0 3 3 1 0 1 0 0 4 5 1 0 2 -1 0 0 0 0 0 0 0 0 1 0 0 0 0 3 -10 0 0 0 1 3 0 0 1 0 0 2 0 1 0 2 0 3 2 0 4 -10 0 3 2 0 0 3 2 6 1 4 4 0 0 0 0 1 -3 
0 0 0 0 0 1 0 1 0 1 0 0 0 0 0 0 0 0 0 0 1 0 0 0 0 0 0 0 0 0 5 0 0 0 0 0 0 0 0 0 0 0 0 0 0 0 0 0 0 1 0 5 0 0 0 0 1 0 1 0 0 0 0 5 0 1 0 0 0 0 0 0 0 0 0 0 0 0 5 0 0 0 0 0 0 0 0 0 0 0 0 0 0 0 0 0 0 0 0 0 0 1 1 0 0 0 0 
0 2 0 1 1 1 0 1 0 3 1 0 0 0 0 1 0 0 10 0 0 0 3 0 -10 0 0 2 0 0 0 7 0 0 0 0 1 0 0 0 0 0 0 0 0 0 0 0 0 0 0 0 1 0 0 0 3 10 1 0 0 0 0 0 0 0 0 7 0 0 0 1 0 0 0 1 0 0 0 1 0 0 1 1 0 0 0 1 0 0 1 0 0 -10 3 0 1 0 0 0 0 1 0 0 0 0 -5 
0 0 0 0 0 3 0 0 0 0 0 0 0 0 0 0 0 0 0 0 0 0 0 0 -10 0 0 0 0 0 0 2 0 0 0 0 0 0 0 0 0 0 0 0 0 0 0 0 0 0 0 0 0 0 0 0 0 0 3 0 0 0 0 0 0 0 0 2 0 0 0 0 0 0 0 0 0 0 0 0 0 0 0 0 0 0 0 0 0 0 2 0 0 0 0 0 0 0 0 0 0 3 0 0 0 0 0 
0 3 0 0 0 0 0 0 0 0 0 0 0 1 0 0 4 0 0 0 1 0 0 0 0 2 0 2 0 0 0 0 0 0 0 0 0 0 3 1 2 3 0 0 5 0 1 1 0 0 0 0 0 0 2 0 0 0 0 0 0 1 0 0 0 1 1 0 0 0 0 0 0 1 0 0 0 0 0 0 0 0 0 0 0 0 0 0 0 0 0 0 0 0 0 0 0 0 0 0 0 0 1 0 0 0 2 
0 0 0 0 0 0 0 0 0 1 0 0 0 0 0 4 0 0 0 0 0 2 5 0 0 0 0 0 0 0 0 0 1 0 0 0 0 0 0 0 0 0 0 0 3 0 0 0 0 0 0 0 0 0 0 0 1 0 0 0 0 0 0 0 0 0 0 0 0 0 0 0 0 0 2 0 0 0 0 0 0 0 0 0 0 0 0 0 0 0 0 0 0 0 0 0 0 0 0 0 0 0 0 0 0 0 0 
0 0 0 0 0 0 0 1 0 0 0 0 0 0 0 0 0 0 0 0 0 0 1 0 0 0 1 0 0 0 0 0 0 0 1 0 1 0 0 0 0 0 1 0 0 0 0 1 0 0 0 0 0 -1 0 0 0 0 0 0 1 1 0 0 0 0 0 0 0 0 0 0 0 0 0 0 0 0 0 0 0 0 0 0 0 1 0 1 0 0 0 1 0 0 0 0 0 0 0 0 0 0 0 0 0 0 0 
0 0 0 0 0 0 0 0 0 0 0 0 0 0 0 0 0 0 0 0 0 0 0 0 -10 0 0 3 0 1 0 -1 0 0 0 0 0 0 0 0 -10 0 0 0 0 0 0 0 0 0 0 0 0 0 0 0 0 0 0 0 0 0 0 0 0 0 0 -1 -1 0 0 0 0 0 0 0 0 0 0 0 0 0 0 0 0 0 0 0 0 -1 0 0 0 0 0 0 0 0 0 0 0 0 0 0 0 0 -10 
0 0 0 0 0 0 0 0 0 0 0 4 0 0 0 0 0 0 0 0 0 0 0 4 0 0 0 -10 0 0 0 0 0 0 0 0 0 0 0 0 0 0 0 0 0 0 0 0 0 0 0 0 0 0 0 0 0 5 0 0 0 0 0 0 0 0 0 0 0 0 0 5 0 0 0 0 0 0 2 0 0 0 0 0 0 0 0 0 0 0 0 0 0 0 1 0 0 0 0 0 0 0 0 0 0 0 2 
0 0 0 2 0 2 1 0 0 1 0 0 1 0 0 1 0 0 0 0 0 0 0 0 0 0 0 0 0 0 1 10 0 0 0 0 0 0 0 0 0 0 0 2 0 0 1 0 0 2 0 1 1 0 0 0 1 0 2 1 0 0 4 1 0 0 0 10 0 0 0 3 0 0 0 1 0 0 1 1 0 0 1 1 0 0 0 0 2 0 0 0 0 0 1 0 0 0 0 0 2 2 0 0 1 0 0 
1 1 0 0 0 1 0 0 1 0 0 0 0 0 0 0 2 0 0 0 0 0 1 0 -10 0 0 0 0 0 0 1 0 0 0 0 0 0 0 0 0 0 0 0 0 0 0 0 1 1 1 0 0 0 0 0 0 0 1 0 0 0 3 0 0 0 0 1 0 0 0 0 0 0 0 1 1 0 0 0 0 2 0 0 0 0 0 0 0 0 0 0 0 0 0 0 0 1 2 0 0 1 0 0 0 0 4 
1 5 1 1 0 0 0 4 3 0 0 3 0 0 0 1 4 1 6 0 0 1 0 0 0 0 1 4 0 7 0 -5 1 0 0 2 2 0 0 1 0 1 4 0 2 1 0 2 1 0 0 0 0 -10 0 0 0 1 0 0 0 2 0 0 0 0 0 -5 3 0 0 0 1 1 1 0 3 0 0 0 0 0 0 0 2 4 3 2 1 3 1 4 0 0 0 0 0 0 0 0 1 0 0 0 0 0 0 
0 0 0 0 0 0 2 0 0 0 0 0 0 0 0 0 0 0 0 6 0 0 0 0 0 0 0 0 0 0 3 3 0 0 0 0 0 0 0 0 0 0 0 0 0 0 0 0 0 1 0 3 2 0 0 0 0 0 0 0 0 0 0 2 0 0 0 3 0 0 0 2 0 0 0 0 0 0 1 2 0 0 0 2 0 0 0 0 0 0 0 0 0 0 0 0 0 0 0 0 0 0 0 0 0 0 0 
0 0 0 0 10 0 0 0 0 0 0 0 0 0 0 0 0 0 -10 0 0 0 0 0 0 0 0 0 0 0 0 0 0 0 0 0 0 0 0 0 0 0 0 0 0 0 0 0 0 0 0 0 0 0 0 0 0 -10 0 0 0 0 0 0 0 0 0 0 0 0 0 0 0 0 0 0 0 0 0 0 0 10 0 0 0 0 0 0 0 0 0 0 0 0 0 10 0 0 10 0 0 0 0 0 0 0 -10 
0 0 0 0 0 0 5 1 0 0 0 0 0 0 0 2 0 0 0 0 0 0 0 0 0 0 0 0 0 0 0 1 0 0 0 0 0 0 0 0 0 0 0 0 0 0 0 0 0 0 0 0 0 0 0 1 0 0 0 0 0 0 0 0 0 0 0 1 0 0 8 0 0 0 0 0 0 0 0 0 0 0 0 0 0 0 0 0 0 0 0 0 4 0 0 0 0 0 0 0 0 0 0 0 0 0 0 
1 0 0 1 0 0 0 0 1 0 0 0 0 0 0 0 0 0 0 0 0 0 6 0 0 0 0 0 0 0 0 0 0 0 0 0 0 0 0 0 0 0 3 0 0 0 0 0 1 0 0 0 0 0 0 0 0 0 0 0 0 0 0 0 0 0 0 0 0 0 0 0 0 0 0 0 1 0 0 0 0 0 0 0 0 3 0 0 0 0 0 3 0 0 0 0 0 0 0 1 0 0 0 0 0 0 1 
0 1 0 0 0 0 0 0 0 0 0 0 0 1 0 2 0 0 2 -8 0 0 1 0 0 0 0 0 0 1 0 2 0 0 0 0 5 0 0 2 -2 0 1 0 0 0 0 0 0 1 0 0 0 0 0 0 0 -1 0 2 0 0 0 0 0 0 1 2 -2 0 0 0 0 2 0 0 0 0 0 0 0 0 0 0 0 1 0 5 0 -2 0 1 0 0 0 0 0 0 0 1 0 0 0 0 0 0 0 
0 1 0 1 1 0 2 0 0 0 0 1 0 0 0 0 0 0 0 0 0 0 0 0 0 0 0 0 0 0 0 0 0 0 0 0 0 0 0 0 0 0 0 0 0 0 0 0 0 0 0 0 0 0 0 0 0 3 0 0 0 0 1 2 0 0 0 0 0 0 0 0 0 0 0 0 0 0 0 0 0 0 0 0 0 0 0 0 0 0 0 0 0 0 0 0 0 0 0 0 0 0 0 0 0 0 0 
0 0 0 0 0 0 0 0 0 0 0 0 0 0 0 0 0 0 2 0 0 0 8 0 0 0 0 2 0 0 0 0 0 0 0 0 0 0 0 0 0 0 3 0 0 0 0 1 0 0 0 0 0 2 0 0 0 3 0 0 0 1 0 0 0 0 0 0 0 0 0 0 0 0 0 0 0 0 0 0 0 0 0 0 0 3 0 0 0 0 0 3 0 0 0 0 0 0 0 0 0 0 0 0 0 0 0 
0 1 0 0 0 1 0 0 0 0 0 0 1 0 0 0 0 0 0 0 1 0 0 3 0 0 0 0 0 0 0 0 1 0 0 0 0 0 0 0 0 0 0 0 0 0 0 0 0 0 0 0 1 0 0 1 0 0 1 0 0 0 0 0 0 1 0 0 0 1 0 2 0 0 0 0 0 0 2 1 0 0 0 1 0 0 0 0 0 0 4 0 0 0 0 0 0 0 0 0 0 1 1 1 0 0 0 
0 2 1 2 0 1 0 4 1 1 1 5 0 1 2 0 0 0 1 0 10 1 4 2 0 1 0 1 0 0 0 0 3 0 10 10 4 0 1 2 0 0 3 1 3 0 2 2 0 5 2 0 0 -10 1 0 1 1 1 1 10 2 3 1 0 10 1 0 3 0 0 0 1 2 1 1 1 1 5 0 1 1 1 0 10 3 0 4 0 3 10 3 0 0 1 2 0 0 1 0 0 1 10 0 0 1 -10 
0 2 0 6 4 2 1 0 0 0 0 2 0 0 0 0 1 0 3 0 1 0 3 0 -10 0 0 0 0 0 1 -7 0 0 0 3 0 0 0 0 0 0 0 0 0 1 0 0 0 5 0 1 0 0 0 0 0 2 2 0 0 0 3 3 0 1 0 -7 -1 0 0 0 0 0 0 1 0 0 0 0 1 1 0 0 3 0 0 0 1 -1 3 0 -2 0 0 0 0 1 1 5 1 2 1 0 0 2 -10 
1 0 0 0 0 0 0 2 0 1 0 3 0 0 0 0 0 0 0 0 0 0 0 0 -10 0 0 0 0 0 0 0 0 0 0 0 0 0 0 0 0 0 1 0 0 0 0 0 1 0 0 0 0 0 0 1 1 0 0 0 0 0 0 0 1 0 0 0 0 0 1 0 0 0 0 0 0 0 0 0 0 0 0 0 0 1 0 0 0 0 0 1 0 0 0 0 0 0 0 0 0 0 0 0 0 0 1 
0 0 0 2 0 2 0 0 0 0 1 0 0 0 0 0 0 1 0 0 0 0 0 0 0 0 0 0 0 0 0 8 0 0 0 0 1 0 0 1 0 0 1 0 1 0 0 0 0 0 0 0 0 1 0 0 0 0 2 0 0 0 2 1 0 0 0 8 1 0 0 0 0 1 0 0 0 0 0 0 0 0 0 0 0 1 0 1 0 1 5 1 0 0 0 0 1 0 0 0 0 2 0 0 0 0 1 
0 0 0 0 0 0 0 0 0 0 0 0 0 0 0 0 0 0 0 0 0 0 0 0 0 0 0 0 0 0 0 2 0 0 0 0 0 0 0 1 -10 0 0 0 0 0 0 3 0 0 0 0 1 0 0 0 0 1 0 0 0 3 0 0 0 0 0 2 0 0 0 0 0 1 0 0 0 0 0 1 0 0 0 1 0 0 0 0 0 0 8 0 0 0 0 0 0 1 0 0 0 0 0 0 0 0 0 
1 1 3 1 0 0 0 1 0 0 0 0 0 1 0 0 0 1 0 0 0 0 2 0 0 0 0 5 0 0 0 4 0 0 1 0 0 0 5 2 0 0 3 0 0 0 0 0 1 0 0 0 0 0 0 0 0 0 0 1 1 0 0 0 1 0 1 4 0 0 0 0 3 2 0 0 0 0 0 0 0 0 0 0 0 3 1 0 0 0 0 3 0 0 0 0 0 0 0 0 0 0 0 0 0 0 0 
0 0 0 4 1 0 0 5 0 0 0 3 0 0 0 0 0 0 0 0 0 0 2 0 -5 0 0 0 0 0 0 0 0 0 0 0 0 0 0 0 0 0 0 0 0 0 0 0 0 1 0 0 0 0 0 0 0 0 0 0 0 0 -1 0 0 0 0 0 0 0 0 0 0 0 0 0 0 0 0 0 0 0 0 0 0 0 0 0 0 0 0 0 0 0 0 1 0 0 0 0 0 0 0 0 0 0 0 
3 0 0 0 0 0 0 0 10 0 0 0 0 0 0 4 0 0 0 0 0 0 0 0 -10 0 0 0 0 0 0 1 0 0 0 0 5 0 0 0 0 3 0 0 2 0 0 0 3 2 0 0 0 0 0 0 0 0 0 0 0 0 0 0 0 0 0 1 0 0 0 0 0 0 0 0 10 0 4 0 0 0 0 0 0 0 0 5 0 0 5 0 0 0 0 0 0 0 0 0 0 0 0 0 0 0 -10 
5 0 0 1 0 1 0 0 0 0 0 3 0 0 0 1 0 0 0 0 0 0 1 0 0 0 0 3 0 0 0 3 0 0 1 1 1 0 0 0 0 0 0 0 0 0 0 0 5 1 0 0 1 0 0 1 0 2 1 0 1 0 3 0 1 0 0 3 0 0 0 0 0 0 0 1 0 1 0 1 1 1 0 1 1 0 0 1 0 0 0 0 0 -2 0 0 0 2 1 2 0 1 0 0 0 0 -1 
0 0 1 0 0 0 0 0 0 0 0 0 0 0 0 2 0 0 -9 0 0 0 0 0 0 0 0 0 0 0 0 0 0 0 0 0 0 0 0 0 0 0 0 0 0 0 0 0 0 0 0 0 0 -10 0 0 0 0 0 0 0 0 0 0 0 0 0 0 0 0 0 0 1 0 0 0 0 0 0 0 0 0 0 0 0 0 0 0 0 0 0 0 0 0 0 0 0 0 0 0 0 0 0 0 0 0 0 
0 0 2 0 0 0 0 3 0 0 0 4 0 0 0 3 0 0 0 0 0 0 2 0 0 0 0 0 0 0 0 0 0 0 0 0 0 0 3 0 0 0 5 0 0 0 0 0 0 0 0 0 0 0 0 0 0 0 0 1 0 0 0 0 0 0 0 0 0 0 0 0 2 0 0 0 0 0 5 0 0 0 0 0 0 5 0 0 0 0 0 5 0 0 0 0 0 0 0 0 0 0 0 0 0 0 0 
0 2 6 1 0 0 0 2 3 0 0 3 0 0 0 0 0 2 3 0 0 0 8 0 0 0 4 4 0 4 0 4 0 1 2 1 4 1 0 0 0 4 0 0 8 0 0 6 0 3 0 0 1 0 0 0 0 0 0 0 2 6 1 0 0 0 0 4 2 2 0 0 6 0 0 0 3 1 0 1 1 1 4 1 1 0 0 4 1 2 1 0 0 0 0 0 7 1 1 0 1 0 0 0 1 0 0 
0 0 0 0 0 1 0 1 0 0 0 1 0 0 0 0 0 0 0 0 2 0 0 0 0 0 0 0 0 0 0 1 0 0 0 0 0 0 0 0 0 0 0 0 0 0 0 0 0 0 0 0 0 0 0 0 0 0 1 0 0 0 0 0 0 2 0 1 0 0 0 0 0 0 0 0 0 0 0 0 0 0 0 0 0 0 0 0 0 0 5 0 0 0 0 0 0 0 0 0 0 1 2 1 0 0 0 
0 1 0 0 0 0 0 0 0 0 0 0 0 0 0 5 3 0 0 0 0 0 0 0 0 0 0 0 0 0 0 5 0 0 1 0 0 0 2 0 0 0 3 0 0 2 0 0 0 0 2 0 2 0 0 0 0 0 0 0 1 0 0 0 0 0 0 5 -10 0 0 3 0 0 0 0 0 0 0 2 0 0 0 2 0 3 0 0 1 -10 0 3 0 0 2 0 0 0 0 0 1 0 0 0 0 0 1 
1 0 0 0 0 0 0 2 0 0 0 1 0 0 0 0 0 0 0 0 0 0 1 0 0 0 0 0 0 0 0 0 1 0 0 0 0 0 0 0 0 0 0 0 2 0 0 0 1 0 0 0 1 0 0 0 0 0 0 0 0 0 0 0 0 0 0 0 0 0 0 0 0 0 0 0 0 0 0 1 0 0 0 1 0 0 0 0 0 0 1 0 0 0 0 0 0 0 0 0 0 0 0 0 0 0 0 
0 0 0 1 0 0 0 0 0 0 0 1 0 0 0 1 0 0 0 0 1 0 0 0 0 0 0 2 1 0 0 2 1 0 0 0 0 0 0 0 0 0 0 0 0 0 0 0 0 1 0 0 1 0 0 0 0 1 0 0 0 0 1 4 0 1 0 2 1 0 0 2 0 0 0 0 0 0 0 1 0 0 0 1 0 0 0 0 0 1 3 0 0 0 0 0 0 -1 0 0 0 0 1 0 0 0 -10 
0 0 1 0 0 0 0 0 1 0 0 0 0 0 0 1 0 1 0 0 0 0 1 0 0 0 0 0 0 1 0 -5 0 0 0 1 0 0 0 0 0 0 1 0 0 0 0 0 0 1 0 0 1 0 0 0 0 0 0 0 0 0 0 0 0 0 0 -5 3 2 0 0 1 0 0 0 1 0 0 1 0 0 0 1 1 1 0 0 1 3 0 1 0 0 0 1 0 0 0 0 1 0 0 0 0 -1 0 
0 0 1 0 0 0 0 0 0 0 0 3 0 0 0 0 0 0 0 0 0 1 10 0 0 0 1 0 0 0 0 0 0 1 0 0 1 0 1 5 0 0 0 0 0 1 0 0 0 2 0 0 0 -10 0 0 0 0 0 0 0 0 0 0 0 0 0 0 0 0 0 0 1 5 1 0 0 1 0 0 0 0 0 0 0 0 0 1 1 0 0 0 0 0 0 0 0 0 0 0 1 0 0 0 0 0 7 
3 0 0 0 0 0 0 0 1 2 0 4 1 0 0 0 0 0 0 0 0 2 0 0 -10 0 0 2 0 0 0 -10 1 0 0 0 0 1 2 0 0 0 4 0 0 0 10 2 3 0 0 0 3 1 0 0 2 0 0 0 0 2 9 1 0 0 0 -10 0 0 2 3 0 0 2 1 1 0 1 3 1 3 0 3 0 4 0 0 4 0 2 4 0 0 0 3 0 -10 3 1 4 0 0 1 2 0 -10 
0 0 0 0 0 0 0 0 3 0 0 1 0 0 0 0 0 0 0 0 0 1 0 0 0 0 0 0 0 0 0 3 0 0 0 0 0 0 0 0 0 0 0 0 2 0 0 0 0 0 0 0 1 0 0 0 0 0 0 0 0 0 0 0 0 0 0 3 0 0 0 0 0 0 1 0 3 0 0 1 0 0 0 1 0 0 0 0 0 0 0 0 0 0 0 0 0 0 0 0 0 0 0 0 0 0 0 
0 1 0 0 0 1 0 0 0 0 0 0 1 0 0 0 0 0 0 0 1 0 0 3 0 0 0 0 0 0 0 0 1 0 0 0 0 0 0 0 0 0 0 0 0 0 0 0 0 0 0 0 1 0 0 1 0 0 1 0 0 0 0 0 0 1 0 0 0 1 0 2 0 0 0 0 0 0 2 1 0 0 0 1 0 0 0 0 0 0 4 0 0 0 0 0 0 0 0 0 0 1 1 1 0 0 0 
0 2 0 2 0 0 0 0 0 0 0 2 0 1 0 0 0 0 0 0 3 0 0 2 -9 0 0 0 0 0 1 0 0 0 0 1 0 0 0 2 0 0 0 0 2 1 2 1 0 1 1 1 0 -3 0 2 0 2 0 0 0 1 1 1 0 3 1 0 1 0 0 0 0 2 0 3 0 0 3 0 1 0 0 0 1 0 1 0 0 1 3 0 0 0 0 0 0 0 0 0 0 0 3 0 0 0 3 
9 0 0 0 0 0 0 0 0 0 0 1 0 0 0 0 0 -1 0 0 0 0 2 0 0 0 0 0 0 2 0 1 0 0 1 0 0 0 0 0 1 0 0 0 0 0 0 0 9 1 0 0 0 0 0 0 0 0 0 0 1 0 0 0 0 0 0 1 0 0 0 0 0 0 0 0 0 -1 0 0 0 0 0 0 0 0 0 0 0 0 0 0 0 0 1 0 0 0 0 0 0 0 0 0 0 0 3 
0 0 0 0 0 0 5 1 0 0 0 0 0 0 0 2 0 0 0 0 0 0 0 0 0 0 0 0 0 0 0 1 0 0 0 0 0 0 0 0 0 0 0 0 0 0 0 0 0 0 0 0 0 0 0 1 0 0 0 0 0 0 0 0 0 0 0 1 0 0 8 0 0 0 0 0 0 0 0 0 0 0 0 0 0 0 0 0 0 0 0 0 4 0 0 0 0 0 0 0 0 0 0 0 0 0 0 
0 0 0 0 0 0 1 1 0 0 0 0 0 0 0 0 0 0 0 0 0 0 0 0 0 2 0 0 0 0 1 0 0 1 0 0 0 0 0 2 0 0 0 0 0 0 0 0 0 0 0 1 2 0 2 0 0 0 0 0 0 0 0 0 0 0 0 0 0 0 0 0 0 2 0 0 0 0 0 2 0 0 2 2 0 0 0 0 0 0 3 0 0 0 1 0 0 0 0 0 0 0 0 0 0 0 0 
0 0 0 0 0 4 0 1 0 0 0 0 1 3 0 0 1 0 0 0 1 0 0 0 -10 0 0 0 0 0 0 1 0 1 0 0 0 0 0 0 0 0 0 0 0 0 0 0 0 1 0 0 0 0 0 0 0 0 4 0 0 0 2 0 1 1 3 1 0 0 0 0 0 0 0 0 0 0 1 0 0 0 1 0 0 0 0 0 0 0 0 0 0 0 0 0 0 0 0 3 0 4 1 0 0 1 1 
0 1 0 2 0 -10 0 9 0 0 0 0 0 0 0 0 0 0 9 6 0 0 0 1 -10 0 0 -1 2 0 0 1 0 0 0 0 0 0 0 3 0 0 0 0 0 0 0 0 0 1 0 0 0 0 0 0 0 0 -10 0 0 0 2 -10 0 0 0 1 1 0 0 0 0 3 0 0 0 0 0 0 0 0 1 0 0 0 0 0 1 1 0 0 0 0 0 0 0 0 0 2 1 -10 0 0 1 0 -1 
0 1 0 0 0 0 10 0 0 3 0 0 1 1 1 0 0 0 0 0 2 1 0 0 0 0 0 0 0 0 1 2 0 0 3 0 0 0 0 2 0 0 0 1 0 0 0 0 0 0 0 1 0 0 0 0 3 -10 0 0 3 0 0 1 0 2 1 2 0 0 0 4 0 2 1 1 0 0 2 0 0 0 0 0 0 0 0 0 0 0 3 0 1 0 2 0 0 0 0 0 0 0 2 2 0 0 4 
0 0 0 0 0 0 0 0 0 0 0 0 0 0 0 0 0 0 0 0 1 0 0 0 0 0 0 2 0 0 0 1 0 0 0 0 1 0 0 0 0 1 2 0 0 0 0 0 0 0 0 0 0 0 0 0 0 0 0 0 0 0 0 2 0 1 0 1 0 0 0 0 0 0 0 0 0 0 0 0 0 0 0 0 0 2 0 1 0 0 0 2 0 0 0 0 0 0 0 0 0 0 1 0 0 0 0 
0 0 0 2 0 2 0 0 0 0 1 0 0 0 0 0 0 1 0 0 0 0 0 0 0 0 0 0 0 0 0 8 0 0 0 0 1 0 0 1 0 0 1 0 1 0 0 0 0 0 0 0 0 1 0 0 0 0 2 0 0 0 2 1 0 0 0 8 1 0 0 0 0 1 0 0 0 0 0 0 0 0 0 0 0 1 0 1 0 1 5 1 0 0 0 0 1 0 0 0 0 2 0 0 0 0 1 
0 0 1 0 0 0 0 0 1 0 0 0 0 0 0 1 0 1 0 0 0 0 1 0 0 0 0 0 0 1 0 -5 0 0 0 1 0 0 0 0 0 0 1 0 0 0 0 0 0 1 0 0 1 0 0 0 0 0 0 0 0 0 0 0 0 0 0 -5 3 2 0 0 1 0 0 0 1 0 0 1 0 0 0 1 1 1 0 0 1 3 0 1 0 0 0 1 0 0 0 0 1 0 0 0 0 -1 0 
0 0 0 4 0 0 0 1 0 2 0 1 0 0 0 0 0 0 0 0 0 4 0 0 0 0 0 0 0 0 0 2 1 0 2 0 0 0 0 3 0 0 0 0 0 0 0 0 0 0 0 0 1 0 0 0 2 1 0 0 2 0 0 0 0 0 0 2 1 0 0 3 0 3 4 1 0 0 0 1 0 0 3 1 0 0 0 0 0 1 3 0 2 -10 0 0 0 2 0 0 0 0 0 1 0 0 -4 
0 0 0 3 2 1 1 0 0 0 0 0 1 0 0 0 0 0 0 0 1 0 0 1 0 0 0 0 2 0 0 -10 2 0 1 0 0 0 0 0 0 0 0 0 0 0 4 0 0 1 0 0 0 0 0 0 0 -10 1 2 1 0 4 0 0 1 0 -10 0 0 1 5 0 0 0 1 0 0 4 0 0 0 0 0 0 0 0 0 0 0 2 0 0 0 2 0 0 0 0 0 0 1 1 0 1 0 0 
0 0 0 0 0 0 0 1 0 1 0 0 0 0 0 0 0 0 0 0 0 0 0 0 0 0 0 0 0 0 0 0 0 1 0 0 1 0 0 1 0 0 0 0 0 0 0 0 0 0 0 0 0 0 0 0 1 0 0 0 0 0 0 0 0 0 0 0 0 0 0 0 0 1 0 0 0 0 1 0 0 0 0 0 0 0 0 1 0 0 1 0 0 0 0 0 0 0 0 0 0 0 0 0 0 0 3 
0 0 0 2 0 2 1 0 0 1 0 0 1 0 0 1 0 0 0 0 0 0 0 0 0 0 0 0 0 0 1 10 0 0 0 0 0 0 0 0 0 0 0 2 0 0 1 0 0 2 0 1 1 0 0 0 1 0 2 1 0 0 4 1 0 0 0 10 0 0 0 3 0 0 0 1 0 0 1 1 0 0 1 1 0 0 0 0 2 0 0 0 0 0 1 0 0 0 0 0 2 2 0 0 1 0 0 
0 2 0 1 1 1 0 1 0 3 1 0 0 0 0 1 0 0 10 0 0 0 3 0 -10 0 0 2 0 0 0 7 0 0 0 0 1 0 0 0 0 0 0 0 0 0 0 0 0 0 0 0 1 0 0 0 3 10 1 0 0 0 0 0 0 0 0 7 0 0 0 1 0 0 0 1 0 0 0 1 0 0 1 1 0 0 0 1 0 0 1 0 0 -10 3 0 1 0 0 0 0 1 0 0 0 0 -5 
0 2 1 2 0 1 0 4 1 1 1 5 0 1 2 0 0 0 1 0 10 1 4 2 0 1 0 1 0 0 0 0 3 0 10 10 4 0 1 2 0 0 3 1 3 0 2 2 0 5 2 0 0 -10 1 0 1 1 1 1 10 2 3 1 0 10 1 0 3 0 0 0 1 2 1 1 1 1 5 0 1 1 1 0 10 3 0 4 0 3 10 3 0 0 1 2 0 0 1 0 0 1 10 0 0 1 -10 
0 0 0 0 0 0 0 2 0 0 0 -10 0 0 0 0 0 0 -10 0 0 0 10 0 0 0 0 -10 0 0 0 -1 -1 0 1 3 0 0 0 0 0 0 0 0 -10 0 0 4 0 0 0 0 1 0 0 0 0 0 0 0 1 4 1 0 0 0 0 -1 0 5 0 0 0 0 0 0 0 2 0 1 0 0 0 1 3 0 2 0 3 0 0 0 0 0 0 1 3 0 0 0 3 0 0 0 0 -1 0 
0 0 0 0 0 0 0 0 0 0 0 0 0 0 0 0 0 0 0 0 0 0 0 0 0 0 0 0 0 0 1 0 0 0 0 0 0 0 0 0 0 0 0 0 0 0 0 2 0 0 0 1 0 0 0 0 0 0 0 0 0 2 0 0 0 0 0 0 6 0 0 0 0 0 0 0 0 0 0 0 0 0 0 0 0 0 0 0 0 6 0 0 0 0 0 0 0 0 0 1 0 0 0 0 0 0 0 
0 0 0 0 0 0 0 0 0 0 0 0 0 0 0 0 0 0 0 0 0 0 0 0 0 10 0 0 0 0 0 5 0 1 0 0 0 0 0 0 0 0 0 0 0 0 0 0 0 0 0 0 0 0 10 0 0 0 0 0 0 0 0 1 0 0 0 5 0 0 0 0 0 0 0 0 0 0 0 0 0 0 0 0 0 0 0 0 0 0 0 0 0 0 0 0 0 0 0 0 0 0 0 0 0 0 0 
0 0 0 0 0 4 1 0 0 0 0 0 0 1 0 0 0 0 0 4 2 0 0 2 0 0 0 0 0 0 2 0 0 0 0 0 0 0 0 0 0 0 0 0 3 0 2 0 0 2 0 2 0 0 0 0 0 0 4 0 0 0 2 3 0 2 1 0 0 0 0 0 0 0 0 0 0 0 1 0 0 0 4 0 0 0 0 0 1 0 1 0 3 0 0 0 0 0 0 0 1 4 2 0 2 0 1 
1 0 0 0 0 0 0 0 0 0 0 1 0 0 0 0 0 0 0 0 0 0 5 0 -10 0 0 0 0 10 0 1 0 0 0 0 3 0 0 0 1 0 2 0 0 0 0 1 1 1 0 0 0 0 0 0 0 0 0 0 0 1 0 0 0 0 0 1 0 0 0 0 0 0 0 0 0 0 0 0 0 0 0 0 0 2 1 3 0 0 0 2 0 0 0 0 0 0 0 0 0 0 0 0 0 0 0 
5 0 0 1 0 1 0 0 0 0 0 3 0 0 0 1 0 0 0 0 0 0 1 0 0 0 0 3 0 0 0 3 0 0 1 1 1 0 0 0 0 0 0 0 0 0 0 0 5 1 0 0 1 0 0 1 0 2 1 0 1 0 3 0 1 0 0 3 0 0 0 0 0 0 0 1 0 1 0 1 1 1 0 1 1 0 0 1 0 0 0 0 0 -2 0 0 0 2 1 2 0 1 0 0 0 0 -1 
1 1 0 0 0 1 0 0 1 0 0 0 0 0 0 0 2 0 0 0 0 0 1 0 -10 0 0 0 0 0 0 1 0 0 0 0 0 0 0 0 0 0 0 0 0 0 0 0 1 1 1 0 0 0 0 0 0 0 1 0 0 0 3 0 0 0 0 1 0 0 0 0 0 0 0 1 1 0 0 0 0 2 0 0 0 0 0 0 0 0 0 0 0 0 0 0 0 1 2 0 0 1 0 0 0 0 4 
0 0 0 3 1 2 0 0 0 0 0 0 0 1 0 0 0 0 0 0 1 5 0 0 0 0 0 0 0 0 0 1 1 0 0 0 0 0 0 1 0 0 0 0 0 0 0 0 0 1 0 0 2 0 0 0 0 0 2 0 0 0 5 1 0 1 1 1 0 0 0 0 0 1 5 0 0 0 0 2 0 0 0 2 0 0 0 0 0 0 0 0 0 0 0 0 0 0 0 0 0 2 1 0 0 0 0 
0 3 0 0 0 0 0 0 0 0 0 1 0 0 0 0 0 0 0 0 0 1 10 0 0 0 0 0 0 0 0 4 0 0 0 0 0 0 2 0 0 0 0 0 0 0 0 1 0 1 2 0 0 0 0 0 0 0 0 0 0 1 0 0 0 0 0 4 0 0 0 0 0 0 1 0 0 0 0 0 0 0 0 0 0 0 0 0 0 0 0 0 0 0 0 0 2 0 0 0 0 0 0 0 0 0 0 
1 0 0 0 0 0 0 0 0 0 0 0 0 0 0 0 0 0 0 0 0 0 0 0 0 0 0 0 0 0 0 1 0 0 0 0 0 0 0 1 0 0 0 0 0 0 0 0 1 0 0 0 0 -1 0 0 0 0 0 0 0 0 0 0 0 0 0 1 3 0 0 0 0 1 0 0 0 0 0 0 0 0 0 0 0 0 0 0 0 3 0 0 0 0 0 0 0 0 0 0 0 0 0 0 0 0 0 
0 0 0 1 0 3 1 0 0 1 0 0 1 0 0 0 0 0 0 2 1 0 0 1 0 0 0 0 0 0 2 3 0 0 0 0 0 0 3 0 0 2 0 0 0 0 0 0 0 1 0 2 1 0 0 0 1 0 3 0 0 0 0 2 1 1 0 3 0 0 0 3 0 0 0 0 0 0 0 1 0 0 2 1 0 0 0 0 0 0 4 0 0 0 0 0 0 0 0 0 0 3 1 0 0 0 0 
0 2 0 2 0 0 0 0 0 0 0 2 0 1 0 0 0 0 0 0 3 0 0 2 -9 0 0 0 0 0 1 0 0 0 0 1 0 0 0 2 0 0 0 0 2 1 2 1 0 1 1 1 0 -3 0 2 0 2 0 0 0 1 1 1 0 3 1 0 1 0 0 0 0 2 0 3 0 0 3 0 1 0 0 0 1 0 1 0 0 1 3 0 0 0 0 0 0 0 0 0 0 0 3 0 0 0 3 
0 0 0 0 0 0 0 0 0 0 1 0 0 0 0 0 0 0 0 0 0 0 0 0 0 0 0 0 0 0 0 1 1 0 0 0 0 0 0 1 0 0 1 0 0 0 0 0 0 1 0 0 1 0 0 0 0 0 0 0 0 0 0 0 0 0 0 1 0 0 0 0 0 1 0 0 0 0 0 1 0 0 0 1 0 1 0 0 0 0 0 1 0 0 0 0 0 3 0 0 0 0 0 0 0 0 0 
0 0 0 0 0 0 0 0 0 0 0 1 0 0 0 0 0 0 0 0 0 2 1 0 0 0 0 0 0 0 0 1 1 0 0 1 0 0 0 1 0 0 0 0 0 0 0 0 0 1 0 0 0 0 0 0 0 0 0 0 0 0 0 0 0 0 0 1 0 0 0 0 0 1 2 0 0 0 0 0 0 0 0 0 1 0 1 0 0 0 0 0 0 0 0 0 0 0 0 2 0 0 0 0 0 5 8 
0 0 0 0 0 0 0 2 0 1 0 0 0 1 0 0 0 0 0 0 1 0 0 0 0 0 0 0 0 0 0 2 0 0 0 0 0 0 0 0 0 0 2 0 0 0 0 0 0 0 0 0 0 0 0 2 1 1 0 0 0 0 4 0 0 1 1 2 0 0 0 4 0 0 0 0 0 0 3 0 0 0 0 0 0 2 0 0 0 0 0 2 0 0 0 0 0 0 0 0 0 0 1 0 0 0 2 
0 2 0 2 0 0 0 0 0 0 0 2 0 1 0 0 0 0 0 0 3 0 0 2 -9 0 0 0 0 0 1 0 0 0 0 1 0 0 0 2 0 0 0 0 2 1 2 1 0 1 1 1 0 -3 0 2 0 2 0 0 0 1 1 1 0 3 1 0 1 0 0 0 0 2 0 3 0 0 3 0 1 0 0 0 1 0 1 0 0 1 3 0 0 0 0 0 0 0 0 0 0 0 3 0 0 0 3 
0 0 0 0 0 0 0 0 0 0 0 0 0 0 0 0 0 0 0 0 0 0 0 0 0 0 0 0 0 0 0 2 0 0 0 0 0 0 0 1 -10 0 0 0 0 0 0 3 0 0 0 0 1 0 0 0 0 1 0 0 0 3 0 0 0 0 0 2 0 0 0 0 0 1 0 0 0 0 0 1 0 0 0 1 0 0 0 0 0 0 8 0 0 0 0 0 0 1 0 0 0 0 0 0 0 0 0 
0 2 6 1 0 0 0 2 3 0 0 3 0 0 0 0 0 2 3 0 0 0 8 0 0 0 4 4 0 4 0 4 0 1 2 1 4 1 0 0 0 4 0 0 8 0 0 6 0 3 0 0 1 0 0 0 0 0 0 0 2 6 1 0 0 0 0 4 2 2 0 0 6 0 0 0 3 1 0 1 1 1 4 1 1 0 0 4 1 2 1 0 0 0 0 0 7 1 1 0 1 0 0 0 1 0 0 
0 0 5 1 0 0 0 0 0 0 0 0 0 0 0 0 0 0 0 0 0 0 1 0 0 0 0 0 0 0 0 0 0 0 0 0 1 0 0 0 0 0 0 0 0 0 0 0 0 0 0 0 1 0 0 0 0 0 0 0 0 0 0 0 0 0 0 0 1 0 0 0 5 0 0 0 0 0 0 1 0 0 0 1 0 0 0 1 1 1 0 0 0 0 0 0 0 0 0 0 1 0 0 0 0 0 0 
1 1 3 1 0 0 0 1 0 0 0 0 0 1 0 0 0 1 0 0 0 0 2 0 0 0 0 5 0 0 0 4 0 0 1 0 0 0 5 2 0 0 3 0 0 0 0 0 1 0 0 0 0 0 0 0 0 0 0 1 1 0 0 0 1 0 1 4 0 0 0 0 3 2 0 0 0 0 0 0 0 0 0 0 0 3 1 0 0 0 0 3 0 0 0 0 0 0 0 0 0 0 0 0 0 0 0 
1 0 0 1 0 0 0 1 0 0 0 5 0 0 0 0 0 0 0 0 1 0 1 0 0 0 0 0 0 0 0 0 1 0 0 0 0 0 0 0 0 0 1 0 3 0 0 4 1 4 0 0 0 0 0 0 0 1 0 0 0 4 0 0 0 1 0 0 3 0 0 1 0 0 0 0 0 0 0 0 0 0 0 0 0 1 1 0 0 3 10 1 0 0 0 0 1 0 0 0 0 0 1 0 0 0 0 
0 0 0 0 0 0 0 2 0 0 0 -10 0 0 0 0 0 0 -10 0 0 0 10 0 0 0 0 -10 0 0 0 -1 -1 0 1 3 0 0 0 0 0 0 0 0 -10 0 0 4 0 0 0 0 1 0 0 0 0 0 0 0 1 4 1 0 0 0 0 -1 0 5 0 0 0 0 0 0 0 2 0 1 0 0 0 1 3 0 2 0 3 0 0 0 0 0 0 1 3 0 0 0 3 0 0 0 0 -1 0 
0 5 0 4 6 4 2 0 0 0 0 0 0 0 1 0 0 0 0 0 0 0 1 0 0 0 0 0 0 0 4 -10 3 0 5 7 0 0 5 0 -10 0 0 5 0 1 3 0 0 2 0 4 1 0 0 3 0 0 4 0 5 0 2 1 1 0 0 -10 0 0 2 1 0 0 0 0 0 0 3 1 0 0 0 1 7 0 0 0 8 0 0 0 0 0 -10 0 0 0 0 0 8 4 0 3 2 0 0 
0 2 6 1 0 0 0 2 3 0 0 3 0 0 0 0 0 2 3 0 0 0 8 0 0 0 4 4 0 4 0 4 0 1 2 1 4 1 0 0 0 4 0 0 8 0 0 6 0 3 0 0 1 0 0 0 0 0 0 0 2 6 1 0 0 0 0 4 2 2 0 0 6 0 0 0 3 1 0 1 1 1 4 1 1 0 0 4 1 2 1 0 0 0 0 0 7 1 1 0 1 0 0 0 1 0 0 
0 0 0 0 0 2 1 1 0 0 0 1 0 0 0 0 0 0 0 0 0 0 1 0 0 4 0 0 0 0 0 0 -10 0 0 0 0 0 0 0 0 0 0 0 0 0 0 0 0 0 0 0 0 0 4 0 0 0 2 0 0 0 2 0 0 0 0 0 0 0 0 3 0 0 0 0 0 0 0 0 0 0 0 0 0 0 0 0 0 0 1 0 0 0 0 0 0 0 0 0 0 2 0 0 0 0 0 
0 0 0 0 0 0 0 0 0 0 0 0 0 1 0 0 0 0 0 0 0 0 0 0 0 0 0 0 0 0 0 0 0 0 0 0 0 0 0 1 0 0 0 0 0 0 0 0 0 0 0 0 0 0 0 0 0 0 0 0 0 0 1 0 0 0 1 0 0 0 0 0 0 1 0 0 0 0 0 0 0 0 0 0 0 0 0 0 0 0 0 0 0 0 0 0 0 0 0 0 0 0 0 0 0 0 0 
0 0 0 0 0 1 0 0 0 0 1 0 0 2 0 0 0 0 0 1 3 0 0 0 0 0 0 0 0 0 0 1 0 0 0 0 0 0 0 0 0 0 0 0 5 0 0 0 0 0 0 0 0 1 0 1 0 0 1 0 0 0 0 2 0 3 2 1 0 0 0 0 0 0 0 0 0 0 0 0 0 0 0 0 0 0 0 0 0 0 3 0 0 0 0 1 0 0 0 0 0 1 3 0 0 0 1 
0 0 0 1 0 0 0 0 1 0 0 3 0 0 0 0 0 0 1 0 0 0 2 0 0 0 0 0 0 0 0 3 0 0 0 1 0 1 0 1 0 0 0 0 0 0 0 3 0 2 0 0 0 -1 0 0 0 0 0 0 0 3 0 0 0 0 0 3 3 0 0 0 0 1 0 0 1 0 0 0 0 0 0 0 1 0 0 0 0 3 0 0 0 0 1 0 0 0 0 0 0 0 0 0 0 0 2 
0 1 0 0 0 0 0 0 2 0 0 3 0 0 0 0 0 0 0 0 0 0 10 0 0 0 0 3 0 0 0 0 0 0 1 0 0 0 0 0 0 0 7 0 8 0 0 0 0 0 0 0 0 0 0 0 0 0 0 0 1 0 0 0 0 0 0 0 3 0 0 0 0 0 0 0 2 0 0 0 0 0 0 0 0 7 0 0 2 3 0 7 0 0 0 0 0 0 0 0 2 0 0 0 0 0 0 
0 0 0 0 0 0 0 0 1 0 1 0 0 0 0 0 0 0 0 0 0 1 1 0 0 0 0 0 0 0 0 1 2 0 0 3 0 0 0 2 0 0 3 0 0 0 1 0 0 3 0 0 0 0 0 0 0 0 0 0 0 0 2 0 0 0 0 1 0 0 0 0 0 2 1 0 1 0 0 0 2 0 0 0 3 3 0 0 0 0 0 3 0 0 0 0 0 0 0 0 0 0 0 0 0 0 10 
0 0 0 0 0 0 0 0 0 0 0 1 0 0 0 0 0 0 0 0 0 2 1 0 0 0 0 0 0 0 0 1 1 0 0 1 0 0 0 1 0 0 0 0 0 0 0 0 0 1 0 0 0 0 0 0 0 0 0 0 0 0 0 0 0 0 0 1 0 0 0 0 0 1 2 0 0 0 0 0 0 0 0 0 1 0 1 0 0 0 0 0 0 0 0 0 0 0 0 2 0 0 0 0 0 5 8 
0 1 0 0 0 0 0 0 0 3 0 5 0 0 0 0 0 0 0 0 0 0 10 0 0 0 2 1 0 0 0 0 5 0 0 0 0 0 0 2 0 0 0 0 0 0 0 0 0 1 0 0 0 0 0 0 3 1 0 0 0 0 0 0 0 0 0 0 0 0 0 0 0 2 0 0 0 0 0 0 0 5 0 0 0 0 0 0 0 0 0 0 0 0 0 0 0 0 5 0 0 0 0 0 0 0 0 
1 0 0 1 0 0 0 1 0 0 0 5 0 0 0 0 0 0 0 0 1 0 1 0 0 0 0 0 0 0 0 0 1 0 0 0 0 0 0 0 0 0 1 0 3 0 0 4 1 4 0 0 0 0 0 0 0 1 0 0 0 4 0 0 0 1 0 0 3 0 0 1 0 0 0 0 0 0 0 0 0 0 0 0 0 1 1 0 0 3 10 1 0 0 0 0 1 0 0 0 0 0 1 0 0 0 0 
0 1 0 0 0 0 10 0 0 3 0 0 1 1 1 0 0 0 0 0 2 1 0 0 0 0 0 0 0 0 1 2 0 0 3 0 0 0 0 2 0 0 0 1 0 0 0 0 0 0 0 1 0 0 0 0 3 -10 0 0 3 0 0 1 0 2 1 2 0 0 0 4 0 2 1 1 0 0 2 0 0 0 0 0 0 0 0 0 0 0 3 0 1 0 2 0 0 0 0 0 0 0 2 2 0 0 4 
0 0 0 2 0 2 1 0 0 1 0 0 1 0 0 1 0 0 0 0 0 0 0 0 0 0 0 0 0 0 1 10 0 0 0 0 0 0 0 0 0 0 0 2 0 0 1 0 0 2 0 1 1 0 0 0 1 0 2 1 0 0 4 1 0 0 0 10 0 0 0 3 0 0 0 1 0 0 1 1 0 0 1 1 0 0 0 0 2 0 0 0 0 0 1 0 0 0 0 0 2 2 0 0 1 0 0 
0 1 0 0 0 2 0 2 0 0 0 0 0 0 0 0 0 0 0 0 0 0 0 0 0 0 0 0 0 0 1 1 1 0 0 0 0 0 0 0 0 0 0 1 0 0 0 0 0 0 0 1 0 0 0 0 0 0 2 0 0 0 1 0 0 0 0 1 0 0 0 0 0 0 0 0 0 0 0 0 0 0 0 0 0 0 0 0 0 0 5 0 0 0 0 0 0 0 0 0 0 2 0 0 0 0 0 
0 0 0 0 0 0 0 1 0 0 0 0 0 0 0 0 0 0 0 0 1 0 0 0 0 0 0 0 0 0 0 0 0 0 0 0 0 0 0 0 0 0 1 0 0 0 0 0 0 2 0 0 0 0 0 0 0 3 0 0 0 0 1 1 0 1 0 0 0 0 0 2 0 0 0 0 0 0 0 0 0 0 0 0 0 1 0 0 0 0 5 1 0 0 0 0 0 0 0 0 0 0 1 0 0 0 5 
0 0 0 2 1 0 0 1 0 1 0 2 0 0 0 0 0 0 0 0 0 0 0 0 -10 0 0 0 0 0 0 1 2 0 0 0 0 0 0 0 0 0 1 0 0 0 0 -1 0 0 0 0 0 0 0 0 1 0 0 0 0 -1 2 0 0 0 0 1 1 1 0 0 0 0 0 0 0 0 0 0 0 5 0 0 0 1 0 0 0 1 0 1 0 0 0 0 0 0 5 0 0 0 0 0 0 0 -5 
6 1 0 7 0 4 0 0 0 1 5 7 0 1 0 2 0 0 0 1 0 5 7 0 -10 0 1 0 0 0 0 0 1 1 1 5 -4 0 3 7 0 0 0 0 1 0 0 0 6 9 0 0 4 -10 0 0 1 1 4 0 1 0 4 0 3 0 1 0 0 0 0 1 0 7 5 0 0 0 0 4 2 4 3 4 5 0 0 -4 0 0 0 0 0 0 1 2 0 10 4 5 0 4 0 0 5 0 0 

BitCoin Vertices:
1860, 353, 882, 2067, 2934, 2942, 4515, 35, 1366, 2600, 2728, 13, 4217, 2296, 4402, 202, 1620, 1281, 1363, 3545, 3897, 1802, 1, 4833, 3744, 280, 2124, 135, 4532, 178, 3820, 905, 2045, 1916, 1529, 1953, 729, 2252, 363, 1899, 204, 104, 1396, 4360, 1566, 1245, 361, 1693, 1860, 1334, 1222, 3820, 546, 1771, 280, 3916, 2600, 2388, 2942, 113, 1529, 1693, 1832, 3451, 2710, 3897, 2296, 905, 1352, 1735, 3815, 2625, 882, 1899, 1802, 3714, 1366, 1713, 4197, 546, 2306, 2173, 2110, 546, 1953, 1396, 635, 729, 1555, 1352, 4172, 1396, 3040, 2561, 1612, 1967, 425, 2214, 2173, 2176, 1555, 2942, 3897, 3578, 3107, 2194, 2028
NUM EDGES NEG = 152
NUM EDGES POS = 1825
