100
0 0 0 0 0 0 0 2 0 1 0 0 0 0 0 0 0 0 15 4 0 0 0 0 0 0 0 0 4 0 2 0 0 0 0 0 0 0 0 0 10 1 8 2 0 0 0 0 0 0 2 0 6 5 0 0 0 0 0 0 0 18 0 0 0 0 4 0 0 5 0 0 0 0 4 0 0 0 0 0 0 1 10 0 1 2 0 2 2 0 0 2 0 0 6 0 0 0 1 5 
0 0 2 16 0 0 4 0 0 0 8 0 16 1 0 0 2 4 0 0 0 0 0 0 11 0 -10 10 4 1 0 2 3 0 12 6 9 2 0 0 0 12 0 2 0 0 0 1 10 2 2 0 0 10 -11 0 0 0 0 0 0 0 0 4 3 0 0 4 0 10 0 10 0 11 0 12 2 8 0 0 0 12 0 16 0 0 0 0 2 12 0 0 0 1 0 0 0 0 12 10 
0 2 0 3 6 0 5 0 0 0 3 0 0 0 0 0 4 0 0 3 16 0 0 0 0 0 0 6 0 7 4 4 0 2 0 4 2 12 0 2 0 0 5 0 4 0 0 0 0 7 4 0 0 20 0 7 2 0 0 0 0 0 5 0 0 0 0 0 7 20 0 6 0 0 3 0 12 3 0 0 2 0 0 3 0 4 2 4 4 4 0 4 2 0 0 5 0 0 0 20 
0 16 3 0 0 2 2 0 0 0 14 0 18 0 0 0 0 4 0 1 1 0 6 0 3 3 0 7 0 0 0 0 0 7 12 2 0 0 -1 4 0 7 0 0 0 6 9 0 11 3 0 0 0 7 2 0 5 0 2 0 0 0 0 1 1 2 0 0 0 7 -1 7 1 3 1 12 0 14 6 6 7 7 0 0 0 0 4 0 0 12 2 0 16 0 0 0 0 9 7 7 
0 0 6 0 0 0 8 0 0 0 2 0 2 0 0 0 0 6 0 1 0 0 0 0 0 0 0 0 0 0 0 0 0 0 0 0 0 0 0 1 0 2 0 0 2 0 0 0 0 4 0 0 0 4 0 0 0 0 0 0 0 0 0 0 0 0 0 0 0 4 0 0 0 0 1 0 0 2 0 0 0 2 0 0 0 0 1 0 0 6 0 0 0 0 0 0 0 0 2 4 
0 0 0 2 0 0 0 0 0 0 4 0 3 0 0 3 4 2 0 0 8 0 0 0 2 0 0 1 0 0 4 0 0 6 1 0 0 0 0 0 0 4 0 0 0 0 4 0 0 3 0 0 0 7 4 0 0 0 2 0 0 0 6 0 0 0 0 2 0 7 0 1 0 2 0 1 0 4 0 0 6 4 0 2 0 4 0 4 0 5 0 4 0 0 0 6 0 4 4 7 
0 4 5 2 8 0 0 0 0 4 8 0 0 0 0 0 0 0 0 0 0 0 0 10 0 0 0 9 0 0 0 10 0 0 0 0 9 0 0 0 0 1 0 0 9 0 0 0 0 0 0 2 0 5 0 0 2 6 0 0 0 0 0 0 0 3 10 0 0 5 0 9 0 0 0 0 0 8 0 0 0 1 0 2 4 0 0 0 0 16 0 0 4 0 0 0 0 0 1 5 
2 0 0 0 0 0 0 0 2 1 2 0 0 0 0 0 0 0 0 2 0 0 0 2 0 0 -10 0 0 0 2 0 0 0 1 2 0 0 0 0 2 0 1 0 2 2 0 2 0 0 7 0 0 3 0 0 0 2 0 0 0 0 0 3 2 0 0 0 0 3 0 0 1 0 2 1 0 2 0 2 0 0 2 0 1 2 0 2 7 0 0 2 0 2 0 0 0 0 0 3 
0 0 0 0 0 0 0 2 0 0 0 0 0 0 0 0 0 0 0 2 0 0 0 0 0 0 0 0 2 0 0 0 0 0 0 2 0 2 0 4 0 0 2 2 0 2 0 2 0 0 0 0 0 2 3 0 0 0 0 0 0 4 0 0 0 0 0 0 0 2 0 0 0 0 2 0 2 0 0 2 0 0 0 0 0 0 4 0 0 3 0 0 0 2 0 0 0 0 0 2 
1 0 0 0 0 0 4 1 0 0 0 0 0 0 0 0 0 0 2 2 1 5 2 2 0 -1 -20 0 0 10 4 0 -20 0 4 -4 0 2 0 1 4 1 2 0 0 8 0 1 0 0 0 0 0 2 1 3 -2 0 2 4 2 0 0 5 0 0 0 6 3 2 0 0 3 0 2 4 2 0 2 8 0 1 4 0 0 4 1 4 0 1 0 4 0 1 0 0 0 0 1 2 
0 8 3 14 2 4 8 2 0 0 0 0 19 0 0 2 3 6 0 4 0 0 2 0 6 0 0 10 0 1 0 6 0 6 8 0 9 0 -15 5 2 -4 0 0 0 1 2 0 18 4 0 0 0 10 10 0 15 1 8 0 0 0 0 0 0 4 0 0 0 10 -15 10 0 6 4 8 0 0 2 1 6 -4 2 14 0 0 5 0 0 13 4 0 8 0 0 0 0 2 -4 10 
0 0 0 0 0 0 0 0 0 0 0 0 0 1 0 0 0 0 0 0 0 0 0 0 0 0 10 0 0 1 0 0 0 0 0 0 0 8 0 0 0 0 2 0 0 3 2 4 0 0 0 0 0 0 0 0 0 -10 0 0 1 0 0 0 14 0 0 2 0 0 0 0 1 0 0 0 8 0 0 3 0 0 0 0 0 0 0 0 0 0 0 0 0 4 0 0 0 2 0 0 
0 16 0 18 2 3 0 0 0 0 19 0 0 0 4 0 2 6 0 0 3 0 0 0 8 0 0 10 0 1 0 0 0 1 0 0 9 0 -2 0 0 4 0 0 0 0 0 0 16 0 0 0 0 8 12 0 4 -1 0 0 0 0 0 0 0 0 0 4 0 8 -2 10 0 8 0 0 0 19 0 0 1 4 0 18 0 0 0 0 0 18 3 0 16 0 0 0 0 0 4 8 
0 1 0 0 0 0 0 0 0 0 0 1 0 0 0 0 6 0 5 5 0 0 0 0 0 0 0 0 0 2 0 0 3 0 0 8 0 2 0 0 0 2 13 0 0 13 0 0 0 0 0 0 0 2 0 0 0 0 0 0 4 0 0 6 0 0 0 10 0 2 0 0 6 0 5 0 2 0 0 13 0 2 0 0 0 0 0 0 0 0 0 0 1 0 0 0 0 0 2 2 
0 0 0 0 0 0 0 0 0 0 0 0 4 0 0 0 0 0 0 0 0 0 0 0 0 0 0 0 0 0 0 5 3 0 0 0 0 0 0 2 0 3 0 0 0 0 2 0 0 0 0 0 0 2 6 0 0 0 0 0 0 0 0 0 0 2 0 0 0 2 0 0 4 0 0 0 0 0 0 0 0 3 0 0 0 0 2 0 0 0 0 0 0 0 0 0 0 2 3 2 
0 0 0 0 0 3 0 0 0 0 2 0 0 0 0 0 0 -15 0 0 0 0 0 0 0 0 0 2 2 -10 2 0 0 3 0 0 0 0 0 0 3 3 10 0 0 0 0 0 2 0 0 0 0 0 0 0 0 4 0 0 0 0 0 12 0 0 0 0 0 0 0 2 2 0 0 0 0 2 0 0 3 3 3 0 0 2 0 2 0 0 3 2 0 0 0 0 0 0 3 0 
0 2 4 0 0 4 0 0 0 0 3 0 2 6 0 0 0 0 0 0 0 0 0 0 2 0 -10 0 0 0 0 0 2 0 2 2 -10 0 0 2 0 3 0 0 0 1 0 1 0 1 0 0 0 2 0 0 0 9 0 0 0 0 0 0 0 0 0 0 0 2 0 0 7 2 0 2 0 3 0 1 0 3 0 0 0 0 2 0 0 2 4 0 2 1 0 0 0 0 3 2 
0 4 0 4 6 2 0 0 0 0 6 0 6 0 0 -15 0 0 0 0 0 0 0 0 0 0 0 4 0 0 0 0 0 0 0 1 8 0 0 0 0 1 0 0 0 0 0 0 0 0 0 0 0 4 4 0 1 1 0 0 0 0 0 0 0 0 0 0 0 4 0 4 0 0 0 0 0 6 0 0 0 1 0 4 0 0 0 0 0 7 2 0 4 0 0 0 0 0 1 4 
15 0 0 0 0 0 0 0 0 2 0 0 0 5 0 0 0 0 0 0 0 0 5 0 0 0 0 0 0 0 0 0 0 0 0 -7 0 0 0 0 9 14 0 14 0 11 0 6 0 0 0 0 0 4 0 0 0 0 0 1 2 2 0 0 0 0 0 0 0 4 0 0 4 0 0 0 0 0 5 11 0 14 9 0 2 0 0 0 0 0 0 0 0 6 0 0 0 0 14 4 
4 0 3 1 1 0 0 2 2 2 4 0 0 5 0 0 0 0 0 0 2 -15 0 4 0 0 -9 0 0 2 2 3 0 2 6 0 0 0 2 3 0 4 -2 0 0 6 0 2 4 0 4 0 2 0 2 0 0 7 0 0 0 0 0 4 4 0 0 3 0 0 2 0 2 0 0 6 0 4 0 6 2 4 0 1 2 2 3 2 4 0 0 2 0 2 2 0 0 0 4 0 
0 0 16 1 0 8 0 0 0 1 0 0 3 0 0 0 0 0 0 2 0 0 0 0 0 0 0 0 0 0 5 0 0 4 5 3 -10 3 -20 0 0 0 6 0 0 0 0 1 0 0 0 0 0 12 3 0 0 5 2 0 0 0 0 4 15 0 0 0 0 12 -20 0 0 0 2 5 3 0 0 0 4 0 0 1 1 5 0 5 0 2 8 5 0 1 0 0 0 0 0 12 
0 0 0 0 0 0 0 0 0 5 0 0 0 0 0 0 0 0 0 -15 0 0 0 0 0 0 0 0 0 0 0 0 0 0 5 0 0 3 0 0 0 14 8 0 0 12 0 2 0 0 7 2 0 10 0 0 0 -10 0 4 0 0 0 0 2 0 0 0 0 10 0 0 0 0 -15 5 3 0 0 12 0 14 0 0 5 0 0 0 7 2 0 0 0 2 0 0 0 0 14 10 
0 0 0 6 0 0 0 0 0 2 2 0 0 0 0 0 0 0 5 0 0 0 0 2 0 0 0 0 8 2 2 0 0 0 0 3 0 0 0 0 0 0 10 0 0 0 0 0 0 0 5 0 0 3 0 0 0 5 0 0 0 3 0 0 0 0 0 2 0 3 0 0 7 0 0 0 0 2 0 0 0 0 0 6 2 2 0 2 5 0 0 2 0 0 0 0 0 0 0 3 
0 0 0 0 0 0 10 2 0 2 0 0 0 0 0 0 0 0 0 4 0 0 2 0 0 0 -10 0 0 2 3 0 2 0 0 0 0 0 0 2 2 0 5 0 0 0 2 0 0 1 0 0 0 0 0 6 0 0 0 0 0 2 0 0 2 0 0 0 6 0 0 0 2 0 4 0 0 0 2 0 0 0 2 0 2 3 2 3 0 0 0 3 0 0 0 0 0 2 0 0 
0 11 0 3 0 2 0 0 0 0 6 0 8 0 0 0 2 0 0 0 0 0 0 0 0 0 0 4 0 0 1 0 0 2 0 0 -2 0 0 10 2 2 0 0 0 0 0 0 0 0 0 0 0 5 0 0 0 0 0 0 0 0 12 0 0 0 0 0 0 5 0 4 0 0 0 0 0 6 0 0 2 2 2 3 0 1 10 1 0 13 2 1 11 0 0 12 0 0 2 5 
0 0 0 3 0 0 0 0 0 -1 0 0 0 0 0 0 0 0 0 0 0 0 0 0 0 0 0 0 6 2 0 0 3 0 0 6 0 10 3 0 2 0 14 2 0 0 0 5 0 0 10 0 0 4 0 0 0 12 0 0 2 0 0 0 6 2 4 0 0 4 3 0 0 0 0 0 10 0 0 0 0 0 2 3 -1 0 0 0 10 0 0 0 0 5 0 0 2 0 0 4 
0 -10 0 0 0 0 0 -10 0 -20 0 10 0 0 0 0 -10 0 0 -9 0 0 0 -10 0 0 0 0 0 -10 10 0 0 0 0 -20 -10 -10 0 0 0 -10 -10 0 0 0 0 -5 0 0 0 0 0 0 0 0 0 -20 0 0 0 0 -10 -10 0 -10 -10 -10 0 0 0 0 0 0 -9 0 -10 0 0 0 0 -10 0 0 -20 10 0 10 0 0 0 10 -10 -5 0 -10 0 0 -10 0 
0 10 6 7 0 1 9 0 0 0 10 0 10 0 0 2 0 4 0 0 0 0 0 0 4 0 0 0 0 0 0 2 0 2 0 0 7 0 0 5 0 11 0 0 0 0 4 0 3 4 0 0 0 10 8 0 6 0 6 0 0 0 0 0 0 4 4 0 0 10 0 0 0 4 0 0 0 10 0 0 2 11 0 7 0 0 5 0 0 12 1 0 10 0 0 0 0 4 11 10 
4 4 0 0 0 0 0 0 2 0 0 0 0 0 0 2 0 0 0 0 0 0 8 0 0 6 0 0 0 2 0 0 8 0 0 6 0 0 0 0 0 5 2 0 0 1 0 5 6 0 4 4 4 0 0 0 0 2 0 0 6 2 0 0 2 0 0 6 0 0 0 0 5 0 0 0 0 0 8 1 0 5 0 0 0 0 0 0 4 0 0 0 4 5 4 0 0 0 5 0 
0 1 7 0 0 0 0 0 0 10 1 1 1 2 0 -10 0 0 0 2 0 0 2 2 0 2 -10 0 2 0 5 0 2 0 0 17 -10 0 -10 4 1 0 6 0 2 12 0 1 0 0 0 0 0 8 0 0 3 -4 0 0 1 0 0 2 1 0 0 2 0 8 -10 0 0 0 2 0 0 1 2 12 0 0 1 0 10 5 4 5 0 3 0 5 1 1 0 0 0 0 0 8 
2 0 4 0 0 4 0 2 0 4 0 0 0 0 0 2 0 0 0 2 5 0 2 3 1 0 10 0 0 5 0 0 12 0 1 6 -5 2 1 0 4 5 2 0 0 5 0 0 0 4 0 4 0 3 0 4 0 8 2 5 0 1 3 5 9 0 2 6 4 3 1 0 4 1 2 1 2 0 2 5 0 5 4 0 4 0 0 0 0 10 4 0 0 0 0 3 1 0 5 3 
0 2 4 0 0 0 10 0 0 0 6 0 0 0 5 0 0 0 0 3 0 0 0 0 0 0 0 2 0 0 0 0 0 0 2 0 0 0 0 0 0 0 0 0 0 0 0 0 7 0 0 0 0 4 0 0 0 2 0 0 0 0 0 0 0 0 0 0 0 4 0 2 0 0 3 2 0 6 0 0 0 0 0 0 0 0 0 0 0 3 0 0 2 0 0 0 0 0 0 4 
0 3 0 0 0 0 0 0 0 -20 0 0 0 3 3 0 2 0 0 0 0 0 0 2 0 3 0 0 8 2 12 0 0 0 4 18 0 2 0 3 9 0 8 0 0 10 0 3 0 0 5 3 2 3 0 0 0 8 0 0 2 1 0 0 7 0 0 16 0 3 0 0 0 0 0 4 2 0 0 10 0 0 9 0 -20 12 3 12 5 0 0 12 3 3 2 0 4 0 0 3 
0 0 2 7 0 6 0 0 0 0 6 0 1 0 0 3 0 0 0 2 4 0 0 0 2 0 0 2 0 0 0 0 0 0 8 3 -1 0 0 0 2 3 0 0 2 0 2 0 0 2 0 0 0 -3 7 0 0 0 2 0 0 0 0 0 0 2 0 0 0 -3 0 2 0 2 2 8 0 6 0 0 0 3 2 7 0 0 0 0 0 3 6 0 0 0 0 0 0 2 3 -3 
0 12 0 12 0 1 0 1 0 4 8 0 0 0 0 0 2 0 0 6 5 5 0 0 0 0 0 0 0 0 1 2 4 8 0 4 5 8 -1 4 10 6 6 0 0 8 0 0 11 5 0 0 0 5 1 2 7 2 0 0 0 0 0 0 8 0 11 5 2 5 -1 0 2 0 6 0 8 8 0 8 8 6 10 12 4 1 4 1 0 7 1 1 12 0 0 0 0 0 6 5 
0 6 4 2 0 0 0 2 2 -4 0 0 0 8 0 0 2 1 -7 0 3 0 3 0 0 6 -20 0 6 17 6 0 18 3 4 0 0 6 4 2 0 6 4 0 0 9 11 3 0 6 4 0 0 -3 0 1 6 -10 10 13 0 0 6 -3 3 5 0 5 1 -3 4 0 3 0 0 4 6 0 3 9 3 6 0 2 -4 6 2 6 4 7 0 6 6 3 0 6 0 11 6 -3 
0 9 2 0 0 0 9 0 0 0 9 0 9 0 0 0 -10 8 0 0 -10 0 0 0 -2 0 -10 7 0 -10 -5 0 0 -1 5 0 0 0 0 7 0 -7 0 0 0 0 0 0 10 7 0 0 0 6 -1 0 0 0 0 0 0 0 -9 0 0 10 -5 0 0 6 0 7 0 -2 0 5 0 9 0 0 -1 -7 0 0 0 -5 7 -5 0 -1 0 -5 9 0 0 -9 0 0 -7 6 
0 2 12 0 0 0 0 0 2 2 0 8 0 2 0 0 0 0 0 0 3 3 0 0 0 10 -10 0 0 0 2 0 2 0 8 6 0 0 0 4 0 6 0 0 0 8 0 5 0 0 0 0 2 -4 -2 10 0 -9 2 0 0 1 0 13 6 0 0 2 10 -4 0 0 4 0 0 8 0 0 0 8 0 6 0 0 2 2 4 2 0 4 0 2 2 5 2 0 2 0 6 -4 
0 0 0 -1 0 0 0 0 0 0 -15 0 -2 0 0 0 0 0 0 2 -20 0 0 0 0 3 0 0 0 -10 1 0 0 0 -1 4 0 0 0 0 0 2 0 0 0 0 0 0 3 1 0 0 0 0 0 3 -20 -20 0 0 0 0 0 0 0 0 0 0 3 0 0 0 0 0 2 -1 0 -15 0 0 0 2 0 -1 0 1 0 1 0 0 0 1 0 0 0 0 0 0 2 0 
0 0 2 4 1 0 0 0 4 1 5 0 0 0 2 0 2 0 0 3 0 0 0 2 10 0 0 5 0 4 0 0 3 0 4 2 7 4 0 0 0 0 7 0 6 1 2 2 5 2 0 0 2 4 0 2 3 2 0 2 0 0 0 2 14 0 4 0 2 4 0 5 0 10 3 4 4 5 0 1 0 0 0 4 1 0 0 0 0 15 0 0 0 2 2 0 0 2 0 4 
10 0 0 0 0 0 0 2 0 4 2 0 0 0 0 3 0 0 9 0 0 0 0 2 2 2 0 0 0 1 4 0 9 2 10 0 0 0 0 0 0 12 10 2 0 7 4 6 0 0 4 0 0 1 0 0 0 6 0 0 0 2 0 20 10 0 0 13 0 1 0 0 5 2 0 10 0 2 0 7 2 12 0 0 4 4 0 4 4 0 0 4 0 6 0 0 0 4 12 1 
1 12 0 7 2 4 1 0 0 1 -4 0 4 2 3 3 3 1 14 4 0 14 0 0 2 0 -10 11 5 0 5 0 0 3 6 6 -7 6 2 0 12 0 5 0 0 2 0 1 0 4 2 2 0 -5 0 2 3 -1 3 0 2 0 4 0 4 0 0 0 2 -5 2 11 9 2 4 6 6 -4 0 2 3 0 12 7 1 5 0 5 2 0 4 5 12 1 0 4 0 0 0 -5 
8 0 5 0 0 0 0 1 2 2 0 2 0 13 0 10 0 0 0 -2 6 8 10 5 0 14 -10 0 2 6 2 0 8 0 6 4 0 0 0 7 10 5 0 4 0 4 2 1 0 0 2 3 5 2 0 2 0 5 2 4 15 5 2 12 16 0 3 15 2 2 0 0 2 0 -2 6 0 0 10 4 0 5 10 0 2 2 7 2 2 1 0 2 0 1 5 2 10 2 5 2 
2 2 0 0 0 0 0 0 2 0 0 0 0 0 0 0 0 0 14 0 0 0 0 0 0 2 0 0 0 0 0 0 0 0 0 0 0 0 0 0 2 0 4 0 0 1 0 3 0 0 2 0 0 0 0 0 0 0 0 0 2 2 0 0 12 0 0 2 0 0 0 0 0 0 0 0 0 0 0 1 0 0 2 0 0 0 0 0 2 0 0 0 2 3 0 0 2 0 0 0 
0 0 4 0 2 0 9 2 0 0 0 0 0 0 0 0 0 0 0 0 0 0 0 0 0 0 0 0 0 2 0 0 0 2 0 0 0 0 0 6 0 0 0 0 0 0 0 0 10 0 0 0 0 0 0 0 4 4 10 0 0 0 7 0 0 0 12 2 0 0 0 0 0 0 0 0 0 0 0 0 2 0 0 0 0 0 6 0 0 1 0 0 0 0 0 7 0 0 0 0 
0 0 0 6 0 0 0 2 2 8 1 3 0 13 0 0 1 0 11 6 0 12 0 0 0 0 0 0 1 12 5 0 10 0 8 9 0 8 0 1 7 2 4 1 0 0 0 1 0 0 12 2 0 3 1 0 2 0 0 0 3 13 0 8 16 0 0 12 0 3 0 0 10 0 6 8 8 1 0 0 0 2 7 6 8 5 1 5 12 6 0 5 0 1 0 0 2 0 2 3 
0 0 0 9 0 4 0 0 0 0 2 2 0 0 2 0 0 0 0 0 0 0 0 2 0 0 0 4 0 0 0 0 0 2 0 11 0 0 0 2 4 0 2 0 0 0 0 0 0 0 0 0 0 1 0 2 0 2 0 0 0 0 0 2 2 0 0 2 2 1 0 4 0 0 0 0 0 2 0 0 2 0 4 9 0 0 2 0 0 0 4 0 0 0 0 0 0 0 0 1 
0 1 0 0 0 0 0 2 2 1 0 4 0 0 0 0 1 0 6 2 1 2 0 0 0 5 -5 0 5 1 0 0 3 0 0 3 0 5 0 2 6 1 1 3 0 1 0 0 0 0 0 0 8 -6 1 0 1 0 0 0 1 4 0 1 9 0 0 0 0 -6 0 0 1 0 2 0 5 0 0 1 0 1 6 0 1 0 2 0 0 1 0 0 1 0 8 0 1 0 1 -6 
0 10 0 11 0 0 0 0 0 0 18 0 16 0 0 2 0 0 0 4 0 0 0 0 0 0 0 3 6 0 0 7 0 0 11 0 10 0 3 5 0 0 0 0 10 0 0 0 0 6 0 0 0 8 -20 0 0 2 2 0 0 0 4 0 0 0 17 0 0 8 3 3 0 0 4 11 0 18 0 0 0 0 0 11 0 0 5 0 0 2 0 0 10 0 0 4 0 0 0 8 
0 2 7 3 4 3 0 0 0 0 4 0 0 0 0 0 1 0 0 0 0 0 0 1 0 0 0 4 0 0 4 0 0 2 5 6 7 0 1 2 0 4 0 0 0 0 0 0 6 0 0 0 0 4 2 3 3 3 2 0 0 0 0 0 0 2 0 0 3 4 1 4 0 0 0 5 0 4 0 0 2 4 0 3 0 4 2 4 0 11 3 4 2 0 0 0 0 0 4 4 
2 2 4 0 0 0 0 7 0 0 0 0 0 0 0 0 0 0 0 4 0 7 5 0 0 10 0 0 4 0 0 0 5 0 0 4 0 0 0 0 4 2 2 2 0 12 0 0 0 0 0 2 4 8 0 0 0 0 0 2 9 7 7 2 7 2 2 6 0 8 0 0 0 0 4 0 0 0 5 12 0 2 4 0 0 0 0 0 0 0 0 0 2 0 4 7 4 0 2 8 
0 0 0 0 0 0 2 0 0 0 0 0 0 0 0 0 0 0 0 0 0 2 0 0 0 0 0 0 4 0 4 0 3 0 0 0 0 0 0 0 0 2 3 0 0 2 0 0 0 0 2 0 0 2 0 0 0 0 0 2 2 0 0 0 7 2 0 2 0 2 0 0 0 0 0 0 0 0 0 2 0 2 0 0 0 4 0 4 2 0 0 4 0 0 0 0 0 0 2 2 
6 0 0 0 0 0 0 0 0 0 0 0 0 0 0 0 0 0 0 2 0 0 0 0 0 0 0 0 4 0 0 0 2 0 0 0 0 2 0 2 0 0 5 0 0 0 0 8 0 0 4 0 0 0 0 0 0 0 0 0 5 0 0 0 8 0 0 0 0 0 0 0 0 0 2 0 2 0 0 0 0 0 0 0 0 0 2 0 4 0 0 0 0 8 0 0 0 0 0 0 
5 10 20 7 4 7 5 3 2 2 10 0 8 2 2 0 2 4 4 0 12 10 3 0 5 4 0 10 0 8 3 4 3 -3 5 -3 6 -4 0 4 1 -5 2 0 0 3 1 -6 8 4 8 2 0 0 2 0 3 -10 0 -9 1 1 2 4 0 5 -5 7 0 0 0 10 5 5 0 5 -4 10 3 3 -3 -5 1 7 2 3 4 3 8 -1 7 3 10 -6 0 2 0 1 -5 0 
0 -11 0 2 0 4 0 0 3 1 10 0 12 0 6 0 0 4 0 2 3 0 0 0 0 0 0 8 0 0 0 0 0 7 1 0 -1 -2 0 0 0 0 0 0 0 1 0 1 -20 2 0 0 0 2 0 0 -12 0 2 0 0 0 0 0 0 0 0 1 0 2 0 8 2 0 2 1 -2 10 0 1 7 0 0 2 1 0 0 0 0 13 4 0 -11 1 0 0 0 0 0 2 
0 0 7 0 0 0 0 0 0 3 0 0 0 0 0 0 0 0 0 0 0 0 0 6 0 0 0 0 0 0 4 0 0 0 2 1 0 10 3 2 0 2 2 0 0 0 2 0 0 3 0 0 0 0 0 0 2 5 0 2 2 0 0 0 0 0 0 0 0 0 3 0 0 0 0 2 10 0 0 0 0 2 0 0 3 4 2 4 0 10 0 4 0 0 0 0 0 2 2 0 
0 0 2 5 0 0 2 0 0 -2 15 0 4 0 0 0 0 1 0 0 0 0 0 0 0 0 0 6 0 3 0 0 0 0 7 6 0 0 -20 3 0 3 0 0 4 2 0 1 0 3 0 0 0 3 -12 2 0 0 0 0 0 0 0 2 0 0 0 0 2 3 -20 6 0 0 0 7 0 15 0 2 0 3 0 5 -2 0 3 0 0 5 0 0 0 1 0 0 0 0 3 3 
0 0 0 0 0 0 6 2 0 0 1 -10 -1 0 0 4 9 1 0 7 5 -10 5 0 0 12 -20 0 2 -4 8 2 8 0 2 -10 0 -9 -20 2 6 -1 5 0 4 0 2 0 2 3 0 0 0 -10 0 5 0 0 0 -8 0 0 -7 6 0 3 -9 6 5 -10 -20 0 0 0 7 2 -9 1 5 0 0 -1 6 0 0 8 2 8 0 7 0 8 0 0 0 -7 0 2 -1 -10 
0 0 0 2 0 2 0 0 0 2 8 0 0 0 0 0 0 0 0 0 2 0 0 0 0 0 0 6 0 0 2 0 0 2 0 10 0 2 0 0 0 3 2 0 10 0 0 0 2 2 0 0 0 0 2 0 0 0 0 0 0 0 0 0 0 0 0 8 0 0 0 6 0 0 0 0 2 8 0 0 2 3 0 2 2 2 0 2 0 6 2 2 0 0 0 0 0 0 3 0 
0 0 0 0 0 0 0 0 0 4 0 0 0 0 0 0 0 0 1 0 0 4 0 0 0 0 0 0 0 0 5 0 0 0 0 13 0 0 0 2 0 0 4 0 0 0 0 0 0 0 2 2 0 -9 0 2 0 -8 0 0 0 0 0 2 9 0 0 0 2 -9 0 0 2 0 0 0 0 0 0 0 0 0 0 0 4 5 2 5 2 0 0 5 0 0 0 0 0 0 0 -9 
0 0 0 0 0 0 0 0 0 2 0 1 0 4 0 0 0 0 2 0 0 0 0 0 0 2 0 0 6 1 0 0 2 0 0 0 0 0 0 0 0 2 15 2 0 3 0 1 0 0 9 2 5 1 0 2 0 0 0 0 0 5 0 2 8 0 2 7 2 1 0 0 0 0 0 0 0 0 0 3 0 2 0 0 2 0 0 0 9 0 0 0 0 1 5 0 8 0 2 1 
18 0 0 0 0 0 0 0 4 0 0 0 0 0 0 0 0 0 2 0 0 0 3 2 0 0 0 0 2 0 1 0 1 0 0 0 0 1 0 0 2 0 5 2 0 13 0 4 0 0 7 0 0 1 0 0 0 0 0 0 5 0 0 0 3 0 0 0 0 1 0 0 2 0 0 0 1 0 3 13 0 0 2 0 0 1 0 1 7 0 0 1 0 4 0 0 2 0 0 1 
0 0 5 0 0 6 0 0 0 0 0 0 0 0 0 0 0 0 0 0 0 0 0 0 12 0 -10 0 0 0 3 0 0 0 0 6 -9 0 0 0 0 4 2 0 7 0 0 0 4 0 7 0 0 2 0 0 0 -7 0 0 0 0 0 0 10 0 0 10 0 2 0 0 0 12 0 0 0 0 0 0 0 4 0 0 0 3 0 3 7 0 6 3 0 0 0 0 0 0 4 2 
0 4 0 1 0 0 0 3 0 5 0 0 0 6 0 12 0 0 0 4 4 0 0 0 0 0 -10 0 0 2 5 0 0 0 0 -3 0 13 0 2 20 0 12 0 0 8 2 1 0 0 2 0 0 4 0 0 2 6 0 2 2 0 0 0 10 2 3 1 0 4 0 0 8 0 4 0 13 0 0 8 0 0 20 1 5 5 2 5 2 2 0 5 4 1 0 0 0 2 0 4 
0 3 0 1 0 0 0 2 0 0 0 14 0 0 0 0 0 0 0 4 15 2 0 2 0 6 0 0 2 1 9 0 7 0 8 3 0 6 0 14 10 4 16 12 0 16 2 9 0 0 7 7 8 0 0 0 0 0 0 9 8 3 10 10 0 2 0 13 0 0 0 0 5 0 4 8 6 0 0 16 0 4 10 1 0 9 14 9 7 2 0 9 3 9 8 10 2 2 4 0 
0 0 0 2 0 0 3 0 0 0 4 0 0 0 2 0 0 0 0 0 0 0 0 0 0 2 -10 4 0 0 0 0 0 2 0 5 10 0 0 0 0 0 0 0 0 0 0 0 0 2 2 2 0 5 0 0 0 3 0 0 0 0 0 2 2 0 0 0 0 5 0 4 0 0 0 0 0 4 0 0 2 0 0 2 0 0 0 0 2 0 0 0 0 0 0 0 0 0 0 5 
4 0 0 0 0 0 10 0 0 0 0 0 0 0 0 0 0 0 0 0 0 0 0 0 0 4 -10 4 0 0 2 0 0 0 11 0 -5 0 0 4 0 0 3 0 12 0 0 0 17 0 2 0 0 -5 0 0 0 -9 0 0 2 0 0 3 0 0 0 6 0 -5 0 4 1 0 0 11 0 0 0 0 0 0 0 0 0 2 4 2 2 2 0 2 0 0 0 0 0 0 0 -5 
0 4 0 0 0 2 0 0 0 6 0 2 4 10 0 0 0 0 0 3 0 0 2 0 0 0 -10 0 6 2 6 0 16 0 5 5 0 2 0 0 13 0 15 2 2 12 2 0 0 0 6 2 0 7 1 0 0 6 8 0 7 0 10 1 13 0 6 0 0 7 0 0 4 0 3 5 2 0 2 12 0 0 13 0 6 6 0 6 6 0 2 6 4 0 0 10 0 2 0 7 
0 0 7 0 0 0 0 0 0 3 0 0 0 0 0 0 0 0 0 0 0 0 0 6 0 0 0 0 0 0 4 0 0 0 2 1 0 10 3 2 0 2 2 0 0 0 2 0 0 3 0 0 0 0 0 0 2 5 0 2 2 0 0 0 0 0 0 0 0 0 3 0 0 0 0 2 10 0 0 0 0 2 0 0 3 4 2 4 0 10 0 4 0 0 0 0 0 2 2 0 
5 10 20 7 4 7 5 3 2 2 10 0 8 2 2 0 2 4 4 0 12 10 3 0 5 4 0 10 0 8 3 4 3 -3 5 -3 6 -4 0 4 1 -5 2 0 0 3 1 -6 8 4 8 2 0 0 2 0 3 -10 0 -9 1 1 2 4 0 5 -5 7 0 0 0 10 5 5 0 5 -4 10 3 3 -3 -5 1 7 2 3 4 3 8 -1 7 3 10 -6 0 2 0 1 -5 0 
0 0 0 -1 0 0 0 0 0 0 -15 0 -2 0 0 0 0 0 0 2 -20 0 0 0 0 3 0 0 0 -10 1 0 0 0 -1 4 0 0 0 0 0 2 0 0 0 0 0 0 3 1 0 0 0 0 0 3 -20 -20 0 0 0 0 0 0 0 0 0 0 3 0 0 0 0 0 2 -1 0 -15 0 0 0 2 0 -1 0 1 0 1 0 0 0 1 0 0 0 0 0 0 2 0 
0 10 6 7 0 1 9 0 0 0 10 0 10 0 0 2 0 4 0 0 0 0 0 0 4 0 0 0 0 0 0 2 0 2 0 0 7 0 0 5 0 11 0 0 0 0 4 0 3 4 0 0 0 10 8 0 6 0 6 0 0 0 0 0 0 4 4 0 0 10 0 0 0 4 0 0 0 10 0 0 2 11 0 7 0 0 5 0 0 12 1 0 10 0 0 0 0 4 11 10 
0 0 0 1 0 0 0 1 0 3 0 1 0 6 4 2 7 0 4 2 0 0 7 2 0 0 0 0 5 0 4 0 0 0 2 3 0 4 0 0 5 9 2 0 0 10 0 1 0 0 0 0 0 5 2 0 0 0 0 2 0 2 0 8 5 0 1 4 0 5 0 0 0 0 2 2 4 0 7 10 0 9 5 1 3 4 0 4 0 0 0 4 0 1 0 0 0 0 9 5 
0 11 0 3 0 2 0 0 0 0 6 0 8 0 0 0 2 0 0 0 0 0 0 0 0 0 0 4 0 0 1 0 0 2 0 0 -2 0 0 10 2 2 0 0 0 0 0 0 0 0 0 0 0 5 0 0 0 0 0 0 0 0 12 0 0 0 0 0 0 5 0 4 0 0 0 0 0 6 0 0 2 2 2 3 0 1 10 1 0 13 2 1 11 0 0 12 0 0 2 5 
4 0 3 1 1 0 0 2 2 2 4 0 0 5 0 0 0 0 0 0 2 -15 0 4 0 0 -9 0 0 2 2 3 0 2 6 0 0 0 2 3 0 4 -2 0 0 6 0 2 4 0 4 0 2 0 2 0 0 7 0 0 0 0 0 4 4 0 0 3 0 0 2 0 2 0 0 6 0 4 0 6 2 4 0 1 2 2 3 2 4 0 0 2 0 2 2 0 0 0 4 0 
0 12 0 12 0 1 0 1 0 4 8 0 0 0 0 0 2 0 0 6 5 5 0 0 0 0 0 0 0 0 1 2 4 8 0 4 5 8 -1 4 10 6 6 0 0 8 0 0 11 5 0 0 0 5 1 2 7 2 0 0 0 0 0 0 8 0 11 5 2 5 -1 0 2 0 6 0 8 8 0 8 8 6 10 12 4 1 4 1 0 7 1 1 12 0 0 0 0 0 6 5 
0 2 12 0 0 0 0 0 2 2 0 8 0 2 0 0 0 0 0 0 3 3 0 0 0 10 -10 0 0 0 2 0 2 0 8 6 0 0 0 4 0 6 0 0 0 8 0 5 0 0 0 0 2 -4 -2 10 0 -9 2 0 0 1 0 13 6 0 0 2 10 -4 0 0 4 0 0 8 0 0 0 8 0 6 0 0 2 2 4 2 0 4 0 2 2 5 2 0 2 0 6 -4 
0 8 3 14 2 4 8 2 0 0 0 0 19 0 0 2 3 6 0 4 0 0 2 0 6 0 0 10 0 1 0 6 0 6 8 0 9 0 -15 5 2 -4 0 0 0 1 2 0 18 4 0 0 0 10 10 0 15 1 8 0 0 0 0 0 0 4 0 0 0 10 -15 10 0 6 4 8 0 0 2 1 6 -4 2 14 0 0 5 0 0 13 4 0 8 0 0 0 0 2 -4 10 
0 0 0 6 0 0 0 0 0 2 2 0 0 0 0 0 0 0 5 0 0 0 0 2 0 0 0 0 8 2 2 0 0 0 0 3 0 0 0 0 0 0 10 0 0 0 0 0 0 0 5 0 0 3 0 0 0 5 0 0 0 3 0 0 0 0 0 2 0 3 0 0 7 0 0 0 0 2 0 0 0 0 0 6 2 2 0 2 5 0 0 2 0 0 0 0 0 0 0 3 
0 0 0 6 0 0 0 2 2 8 1 3 0 13 0 0 1 0 11 6 0 12 0 0 0 0 0 0 1 12 5 0 10 0 8 9 0 8 0 1 7 2 4 1 0 0 0 1 0 0 12 2 0 3 1 0 2 0 0 0 3 13 0 8 16 0 0 12 0 3 0 0 10 0 6 8 8 1 0 0 0 2 7 6 8 5 1 5 12 6 0 5 0 1 0 0 2 0 2 3 
0 0 2 7 0 6 0 0 0 0 6 0 1 0 0 3 0 0 0 2 4 0 0 0 2 0 0 2 0 0 0 0 0 0 8 3 -1 0 0 0 2 3 0 0 2 0 2 0 0 2 0 0 0 -3 7 0 0 0 2 0 0 0 0 0 0 2 0 0 0 -3 0 2 0 2 2 8 0 6 0 0 0 3 2 7 0 0 0 0 0 3 6 0 0 0 0 0 0 2 3 -3 
1 12 0 7 2 4 1 0 0 1 -4 0 4 2 3 3 3 1 14 4 0 14 0 0 2 0 -10 11 5 0 5 0 0 3 6 6 -7 6 2 0 12 0 5 0 0 2 0 1 0 4 2 2 0 -5 0 2 3 -1 3 0 2 0 4 0 4 0 0 0 2 -5 2 11 9 2 4 6 6 -4 0 2 3 0 12 7 1 5 0 5 2 0 4 5 12 1 0 4 0 0 0 -5 
10 0 0 0 0 0 0 2 0 4 2 0 0 0 0 3 0 0 9 0 0 0 0 2 2 2 0 0 0 1 4 0 9 2 10 0 0 0 0 0 0 12 10 2 0 7 4 6 0 0 4 0 0 1 0 0 0 6 0 0 0 2 0 20 10 0 0 13 0 1 0 0 5 2 0 10 0 2 0 7 2 12 0 0 4 4 0 4 4 0 0 4 0 6 0 0 0 4 12 1 
0 16 3 0 0 2 2 0 0 0 14 0 18 0 0 0 0 4 0 1 1 0 6 0 3 3 0 7 0 0 0 0 0 7 12 2 0 0 -1 4 0 7 0 0 0 6 9 0 11 3 0 0 0 7 2 0 5 0 2 0 0 0 0 1 1 2 0 0 0 7 -1 7 1 3 1 12 0 14 6 6 7 7 0 0 0 0 4 0 0 12 2 0 16 0 0 0 0 9 7 7 
1 0 0 0 0 0 4 1 0 0 0 0 0 0 0 0 0 0 2 2 1 5 2 2 0 -1 -20 0 0 10 4 0 -20 0 4 -4 0 2 0 1 4 1 2 0 0 8 0 1 0 0 0 0 0 2 1 3 -2 0 2 4 2 0 0 5 0 0 0 6 3 2 0 0 3 0 2 4 2 0 2 8 0 1 4 0 0 4 1 4 0 1 0 4 0 1 0 0 0 0 1 2 
2 0 4 0 0 4 0 2 0 4 0 0 0 0 0 2 0 0 0 2 5 0 2 3 1 0 10 0 0 5 0 0 12 0 1 6 -5 2 1 0 4 5 2 0 0 5 0 0 0 4 0 4 0 3 0 4 0 8 2 5 0 1 3 5 9 0 2 6 4 3 1 0 4 1 2 1 2 0 2 5 0 5 4 0 4 0 0 0 0 10 4 0 0 0 0 3 1 0 5 3 
0 0 2 4 1 0 0 0 4 1 5 0 0 0 2 0 2 0 0 3 0 0 0 2 10 0 0 5 0 4 0 0 3 0 4 2 7 4 0 0 0 0 7 0 6 1 2 2 5 2 0 0 2 4 0 2 3 2 0 2 0 0 0 2 14 0 4 0 2 4 0 5 0 10 3 4 4 5 0 1 0 0 0 4 1 0 0 0 0 15 0 0 0 2 2 0 0 2 0 4 
2 0 4 0 0 4 0 2 0 4 0 0 0 0 0 2 0 0 0 2 5 0 2 3 1 0 10 0 0 5 0 0 12 0 1 6 -5 2 1 0 4 5 2 0 0 5 0 0 0 4 0 4 0 3 0 4 0 8 2 5 0 1 3 5 9 0 2 6 4 3 1 0 4 1 2 1 2 0 2 5 0 5 4 0 4 0 0 0 0 10 4 0 0 0 0 3 1 0 5 3 
2 2 4 0 0 0 0 7 0 0 0 0 0 0 0 0 0 0 0 4 0 7 5 0 0 10 0 0 4 0 0 0 5 0 0 4 0 0 0 0 4 2 2 2 0 12 0 0 0 0 0 2 4 8 0 0 0 0 0 2 9 7 7 2 7 2 2 6 0 8 0 0 0 0 4 0 0 0 5 12 0 2 4 0 0 0 0 0 0 0 0 0 2 0 4 7 4 0 2 8 
0 12 4 12 6 5 16 0 3 1 13 0 18 0 0 0 2 7 0 0 2 2 0 0 13 0 0 12 0 3 10 3 0 3 7 7 -1 4 0 15 0 0 1 0 1 6 0 1 2 11 0 0 0 -1 13 10 5 7 6 0 0 0 0 2 2 0 2 0 10 -1 0 12 0 13 0 7 4 13 0 6 3 0 0 12 1 10 15 10 0 0 5 10 12 1 0 0 0 0 0 -1 
0 0 0 2 0 0 0 0 0 0 4 0 3 0 0 3 4 2 0 0 8 0 0 0 2 0 0 1 0 0 4 0 0 6 1 0 0 0 0 0 0 4 0 0 0 0 4 0 0 3 0 0 0 7 4 0 0 0 2 0 0 0 6 0 0 0 0 2 0 7 0 1 0 2 0 1 0 4 0 0 6 4 0 2 0 4 0 4 0 5 0 4 0 0 0 6 0 4 4 7 
2 0 4 0 0 4 0 2 0 4 0 0 0 0 0 2 0 0 0 2 5 0 2 3 1 0 10 0 0 5 0 0 12 0 1 6 -5 2 1 0 4 5 2 0 0 5 0 0 0 4 0 4 0 3 0 4 0 8 2 5 0 1 3 5 9 0 2 6 4 3 1 0 4 1 2 1 2 0 2 5 0 5 4 0 4 0 0 0 0 10 4 0 0 0 0 3 1 0 5 3 
0 0 2 16 0 0 4 0 0 0 8 0 16 1 0 0 2 4 0 0 0 0 0 0 11 0 -10 10 4 1 0 2 3 0 12 6 9 2 0 0 0 12 0 2 0 0 0 1 10 2 2 0 0 10 -11 0 0 0 0 0 0 0 0 4 3 0 0 4 0 10 0 10 0 11 0 12 2 8 0 0 0 12 0 16 0 0 0 0 2 12 0 0 0 1 0 0 0 0 12 10 
0 1 0 0 0 0 0 2 2 1 0 4 0 0 0 0 1 0 6 2 1 2 0 0 0 5 -5 0 5 1 0 0 3 0 0 3 0 5 0 2 6 1 1 3 0 1 0 0 0 0 0 0 8 -6 1 0 1 0 0 0 1 4 0 1 9 0 0 0 0 -6 0 0 1 0 2 0 5 0 0 1 0 1 6 0 1 0 2 0 0 1 0 0 1 0 8 0 1 0 1 -6 
6 0 0 0 0 0 0 0 0 0 0 0 0 0 0 0 0 0 0 2 0 0 0 0 0 0 0 0 4 0 0 0 2 0 0 0 0 2 0 2 0 0 5 0 0 0 0 8 0 0 4 0 0 0 0 0 0 0 0 0 5 0 0 0 8 0 0 0 0 0 0 0 0 0 2 0 2 0 0 0 0 0 0 0 0 0 2 0 4 0 0 0 0 8 0 0 0 0 0 0 
0 0 5 0 0 6 0 0 0 0 0 0 0 0 0 0 0 0 0 0 0 0 0 0 12 0 -10 0 0 0 3 0 0 0 0 6 -9 0 0 0 0 4 2 0 7 0 0 0 4 0 7 0 0 2 0 0 0 -7 0 0 0 0 0 0 10 0 0 10 0 2 0 0 0 12 0 0 0 0 0 0 0 4 0 0 0 3 0 3 7 0 6 3 0 0 0 0 0 0 4 2 
0 0 0 0 0 0 0 0 0 0 0 0 0 0 0 0 0 0 0 0 0 0 0 0 0 2 0 0 0 0 1 0 4 0 0 0 0 2 0 0 0 0 10 2 0 2 0 1 0 0 4 0 0 0 0 0 0 0 0 0 8 2 0 0 2 0 0 0 0 0 0 0 0 0 0 0 2 0 0 2 0 0 0 0 0 1 0 1 4 0 0 1 0 1 0 0 0 0 0 0 
0 0 0 9 0 4 0 0 0 0 2 2 0 0 2 0 0 0 0 0 0 0 0 2 0 0 0 4 0 0 0 0 0 2 0 11 0 0 0 2 4 0 2 0 0 0 0 0 0 0 0 0 0 1 0 2 0 2 0 0 0 0 0 2 2 0 0 2 2 1 0 4 0 0 0 0 0 2 0 0 2 0 4 9 0 0 2 0 0 0 4 0 0 0 0 0 0 0 0 1 
1 12 0 7 2 4 1 0 0 1 -4 0 4 2 3 3 3 1 14 4 0 14 0 0 2 0 -10 11 5 0 5 0 0 3 6 6 -7 6 2 0 12 0 5 0 0 2 0 1 0 4 2 2 0 -5 0 2 3 -1 3 0 2 0 4 0 4 0 0 0 2 -5 2 11 9 2 4 6 6 -4 0 2 3 0 12 7 1 5 0 5 2 0 4 5 12 1 0 4 0 0 0 -5 
5 10 20 7 4 7 5 3 2 2 10 0 8 2 2 0 2 4 4 0 12 10 3 0 5 4 0 10 0 8 3 4 3 -3 5 -3 6 -4 0 4 1 -5 2 0 0 3 1 -6 8 4 8 2 0 0 2 0 3 -10 0 -9 1 1 2 4 0 5 -5 7 0 0 0 10 5 5 0 5 -4 10 3 3 -3 -5 1 7 2 3 4 3 8 -1 7 3 10 -6 0 2 0 1 -5 0 

BitCoin Vertices:
4833, 1316, 304, 1396, 64, 1714, 7, 550, 4559, 2388, 1386, 2934, 1201, 3714, 664, 1675, 1802, 309, 4694, 546, 1953, 3719, 2110, 2397, 1366, 2063, 3744, 1317, 2625, 2296, 2125, 1053, 2942, 1693, 1565, 1810, 1383, 2045, 1543, 353, 1731, 1334, 2642, 4365, 202, 4291, 1502, 3988, 1566, 1585, 4197, 2404, 3820, 905, 1352, 2176, 135, 2028, 592, 3465, 3828, 4611, 363, 2067, 4172, 1629, 215, 1018, 2176, 905, 1543, 1317, 1832, 1366, 546, 1565, 2045, 1386, 2110, 4291, 1693, 1334, 1731, 1396, 2388, 2125, 353, 2125, 4197, 1, 1714, 2125, 1316, 3988, 3820, 363, 3429, 1502, 1334, 905
NUM EDGES NEG = 152
NUM EDGES POS = 1825