25
0 -9 0 -10 0 0 -10 -10 0 -10 0 -10 4 0 0 0 2 0 0 6 0 2 4 0 0 
-9 0 0 1 0 -20 0 0 0 0 0 0 0 0 0 0 0 0 0 -20 0 0 0 0 0 
0 0 0 0 -20 -20 0 0 -20 0 0 0 0 -10 -10 0 0 0 -10 0 0 0 0 -10 0 
-10 1 0 0 0 -20 1 2 0 1 0 1 0 0 0 0 0 0 0 -10 0 0 0 0 0 
0 0 -20 0 0 -10 0 0 0 0 -8 0 12 3 5 6 0 0 5 -10 2 5 0 -9 4 
0 -20 -20 -20 -10 0 -20 -20 -4 -20 13 -20 6 5 4 9 2 3 4 -3 2 3 0 0 0 
-10 0 0 1 0 -20 0 2 0 2 0 2 0 0 0 0 0 0 0 -10 0 0 0 0 0 
-10 0 0 2 0 -20 2 0 0 2 0 2 0 0 0 0 0 0 0 -10 0 0 0 0 0 
0 0 -20 0 0 -4 0 0 0 0 4 0 -1 0 2 0 0 0 2 2 1 2 0 3 0 
-10 0 0 1 0 -20 2 2 0 0 0 0 0 0 0 0 0 0 0 -10 0 0 0 0 0 
0 0 0 0 -8 13 0 0 4 0 0 0 0 0 4 0 0 9 4 -9 2 0 0 0 2 
-10 0 0 1 0 -20 2 2 0 0 0 0 0 0 0 0 0 0 0 -10 0 0 0 0 0 
4 0 0 0 12 6 0 0 -1 0 0 0 0 2 14 0 0 6 14 4 0 0 0 4 2 
0 0 -10 0 3 5 0 0 0 0 0 0 2 0 0 0 0 2 0 5 0 0 0 3 2 
0 0 -10 0 5 4 0 0 2 0 4 0 14 0 0 9 6 16 0 2 7 10 6 0 2 
0 0 0 0 6 9 0 0 0 0 0 0 0 0 9 0 0 0 9 0 0 0 0 0 2 
2 0 0 0 0 2 0 0 0 0 0 0 0 0 6 0 0 9 6 2 0 0 0 0 2 
0 0 0 0 0 3 0 0 0 0 9 0 6 2 16 0 9 0 16 0 14 0 -1 0 0 
0 0 -10 0 5 4 0 0 2 0 4 0 14 0 0 9 6 16 0 2 7 10 6 0 2 
6 -20 0 -10 -10 -3 -10 -10 2 -10 -9 -10 4 5 2 0 2 0 2 0 4 3 4 0 8 
0 0 0 0 2 2 0 0 1 0 2 0 0 0 7 0 0 14 7 4 0 0 0 0 12 
2 0 0 0 5 3 0 0 2 0 0 0 0 0 10 0 0 0 10 3 0 0 0 2 0 
4 0 0 0 0 0 0 0 0 0 0 0 0 0 6 0 0 -1 6 4 0 0 0 0 0 
0 0 -10 0 -9 0 0 0 3 0 0 0 4 3 0 0 0 0 0 0 0 2 0 0 4 
0 0 0 0 4 0 0 0 0 0 2 0 2 2 2 2 2 0 2 8 12 0 0 4 0 

BitCoin Vertices:
4635, 4654, 3744, 4683, 2028, 1810, 4681, 4678, 2388, 4679, 3465, 4679, 2063, 1629, 2642, 3185, 2552, 4172, 2642, 905, 353, 2110, 3611, 2835, 13
NUM EDGES NEG = 34
NUM EDGES POS = 84 