25
0 4 2 8 4 4 2 2 0 20 2 2 0 0 11 2 0 0 2 0 4 0 0 0 0 
4 0 9 3 0 0 1 9 0 10 2 4 0 0 2 2 0 0 1 2 2 0 7 1 0 
2 9 0 6 0 9 11 0 4 2 3 3 3 -1 6 3 -1 2 11 9 4 11 0 0 3 
8 3 6 0 0 3 0 6 6 9 0 0 6 -10 4 0 -10 0 0 0 0 0 7 0 6 
4 0 0 0 0 0 2 0 0 9 2 0 0 0 1 2 0 2 2 0 0 0 0 0 0 
4 0 9 3 0 0 1 9 0 10 2 4 0 0 2 2 0 0 1 2 2 0 7 1 0 
2 1 11 0 2 1 0 11 0 4 0 0 2 -10 10 0 -10 0 0 1 3 1 1 0 2 
2 9 0 6 0 9 11 0 4 2 3 3 3 -1 6 3 -1 2 11 9 4 11 0 0 3 
0 0 4 6 0 0 0 4 0 0 0 2 3 3 5 0 3 4 0 3 0 4 0 2 3 
20 10 2 9 9 10 4 2 0 0 0 5 2 0 8 0 0 0 4 0 6 0 0 0 2 
2 2 3 0 2 2 0 3 0 0 0 0 0 0 0 0 0 2 0 0 0 0 0 0 0 
2 4 3 0 0 4 0 3 2 5 0 0 0 2 0 0 2 0 0 0 0 0 0 0 0 
0 0 3 6 0 0 2 3 3 2 0 0 0 0 7 0 0 0 2 5 0 6 0 0 0 
0 0 -1 -10 0 0 -10 -1 3 0 0 2 0 0 2 0 0 0 -10 4 7 0 19 2 0 
11 2 6 4 1 2 10 6 5 8 0 0 7 2 0 0 2 0 10 4 6 0 9 0 7 
2 2 3 0 2 2 0 3 0 0 0 0 0 0 0 0 0 2 0 0 0 0 0 0 0 
0 0 -1 -10 0 0 -10 -1 3 0 0 2 0 0 2 0 0 0 -10 4 7 0 19 2 0 
0 0 2 0 2 0 0 2 4 0 2 0 0 0 0 2 0 0 0 0 1 0 0 0 0 
2 1 11 0 2 1 0 11 0 4 0 0 2 -10 10 0 -10 0 0 1 3 1 1 0 2 
0 2 9 0 0 2 1 9 3 0 0 0 5 4 4 0 4 0 1 0 4 6 0 0 5 
4 2 4 0 0 2 3 4 0 6 0 0 0 7 6 0 7 1 3 4 0 0 0 0 0 
0 0 11 0 0 0 1 11 4 0 0 0 6 0 0 0 0 0 1 6 0 0 0 4 6 
0 7 0 7 0 7 1 0 0 0 0 0 0 19 9 0 19 0 1 0 0 0 0 0 0 
0 1 0 0 0 1 0 0 2 0 0 0 0 2 0 0 2 0 0 0 0 4 0 0 0 
0 0 3 6 0 0 2 3 3 2 0 0 0 0 7 0 0 0 2 5 0 6 0 0 0 

BitCoin Vertices:
3897, 1832, 1334, 1810, 3345, 1832, 361, 1334, 1585, 4291, 3735, 2600, 135, 2028, 1565, 3735, 2028, 64, 361, 13, 546, 1317, 2725, 1499, 135
NUM EDGES NEG = 10
NUM EDGES POS = 143