25
0 -3 0 0 -4 5 2 2 -10 6 3 18 8 4 9 9 4 8 9 3 4 -4 0 4 1 
-3 0 0 4 5 1 1 2 6 2 8 0 2 0 8 0 0 2 8 8 0 5 0 0 0 
0 0 0 4 0 0 14 5 1 15 0 0 0 3 1 3 8 0 1 0 8 0 0 8 0 
0 4 4 0 2 3 1 3 7 0 2 0 3 3 6 -5 6 3 6 2 6 2 4 6 0 
-4 5 0 2 0 6 0 1 0 -2 3 -20 5 0 8 3 4 5 8 3 4 0 0 4 3 
5 1 0 3 6 0 0 0 6 0 4 16 8 0 12 16 5 8 12 4 5 6 0 5 0 
2 1 14 1 0 0 0 4 0 5 1 0 0 3 6 7 12 0 6 1 12 0 6 12 0 
2 2 5 3 1 0 4 0 2 3 0 3 0 2 1 4 4 0 1 0 4 1 12 4 2 
-10 6 1 7 0 6 0 2 0 0 0 8 6 0 0 -9 2 6 0 0 2 0 4 2 5 
6 2 15 0 -2 0 5 3 0 0 0 0 5 2 2 0 7 5 2 0 7 -2 5 7 2 
3 8 0 2 3 4 1 0 0 0 0 0 6 0 10 0 2 6 10 0 2 3 2 2 0 
18 0 0 0 -20 16 0 3 8 0 0 0 3 0 10 5 4 3 10 0 4 -20 0 4 0 
8 2 0 3 5 8 0 0 6 5 6 3 0 20 0 6 5 0 0 6 5 5 6 5 4 
4 0 3 3 0 0 3 2 0 2 0 0 20 0 0 0 0 20 0 0 0 0 0 0 7 
9 8 1 6 8 12 6 1 0 2 10 10 0 0 0 8 8 0 0 10 8 8 0 8 0 
9 0 3 -5 3 16 7 4 -9 0 0 5 6 0 8 0 10 6 8 0 10 3 0 10 0 
4 0 8 6 4 5 12 4 2 7 2 4 5 0 8 10 0 5 8 2 0 4 4 0 2 
8 2 0 3 5 8 0 0 6 5 6 3 0 20 0 6 5 0 0 6 5 5 6 5 4 
9 8 1 6 8 12 6 1 0 2 10 10 0 0 0 8 8 0 0 10 8 8 0 8 0 
3 8 0 2 3 4 1 0 0 0 0 0 6 0 10 0 2 6 10 0 2 3 2 2 0 
4 0 8 6 4 5 12 4 2 7 2 4 5 0 8 10 0 5 8 2 0 4 4 0 2 
-4 5 0 2 0 6 0 1 0 -2 3 -20 5 0 8 3 4 5 8 3 4 0 0 4 3 
0 0 0 4 0 0 6 12 4 5 2 0 6 0 0 0 4 6 0 2 4 0 0 4 9 
4 0 8 6 4 5 12 4 2 7 2 4 5 0 8 10 0 5 8 2 0 4 4 0 2 
1 0 0 0 3 0 0 2 5 2 0 0 4 7 0 0 2 4 0 0 2 3 9 2 0

BitCoin Vertices:
1810, 2067, 1386, 546, 2388, 1018, 1396, 353, 2028, 135, 1832, 2942, 1899, 304, 4291, 57, 1565, 1899, 4291, 1832, 1565, 2388, 13, 1565, 2176
NUM EDGES NEG = 10
NUM EDGES POS = 197