25
0 0 1 1 1 1 1 1 1 1 1 1 1 1 0 1 1 1 1 0 1 1 -1 0 1 
0 0 -1 0 -1 -1 -1 -1 0 0 -1 -1 -1 -1 -1 -1 -1 1 1 -1 -1 -1 0 0 1 
1 -1 0 0 0 1 0 1 1 1 1 1 1 1 1 1 1 0 1 1 0 1 -1 1 0 
1 0 0 0 1 0 1 0 1 0 1 0 1 1 1 0 0 1 0 0 1 1 0 0 0 
1 -1 0 1 0 1 -1 0 0 1 1 0 1 1 1 1 1 1 1 -1 0 1 -1 1 -1 
1 -1 1 0 1 0 0 1 0 1 1 1 1 1 1 1 1 1 1 1 0 1 0 1 -1 
1 -1 0 1 -1 0 0 -1 -1 0 1 0 0 1 -1 1 0 0 0 -1 0 -1 -1 0 -1 
1 -1 1 0 0 1 -1 0 -1 0 1 1 1 1 0 -1 1 1 1 1 1 1 -1 0 -1 
1 0 1 1 0 0 -1 -1 0 1 1 1 1 1 1 1 1 1 1 0 0 -1 0 1 -1 
1 0 1 0 1 1 0 0 1 0 1 0 1 1 1 0 1 1 1 0 1 0 0 0 -1 
1 -1 1 1 1 1 1 1 1 1 0 1 1 1 1 1 1 1 1 1 0 1 0 1 -1 
1 -1 1 0 0 1 0 1 1 0 1 0 1 1 1 -1 1 1 0 0 1 0 -1 0 -1 
1 -1 1 1 1 1 0 1 1 1 1 1 0 1 0 1 0 1 1 1 0 1 0 0 -1 
1 -1 1 1 1 1 1 1 1 1 1 1 1 1 1 -1 0 1 1 1 1 1 -1 0 -1 
0 -1 1 1 1 1 -1 0 1 1 1 1 0 1 0 -1 1 0 1 1 0 0 0 0 -1 
1 -1 1 0 1 1 1 -1 1 0 1 -1 1 -1 -1 0 0 1 1 -1 0 -1 0 1 -1 
1 -1 1 0 1 1 0 1 1 1 1 1 0 0 1 0 0 1 1 1 1 0 0 0 -1 
1 1 0 1 1 1 0 1 1 1 1 1 1 1 0 1 1 0 1 0 1 1 0 0 -1 
1 1 1 0 1 1 0 1 1 1 1 0 1 1 1 1 1 1 0 1 1 -1 0 1 -1 
0 -1 1 0 -1 1 -1 1 0 0 1 0 1 1 1 -1 1 0 1 0 0 0 0 1 0 
1 -1 0 1 0 0 0 1 0 1 0 1 0 1 0 0 1 1 1 0 0 -1 -1 0 0 
1 -1 1 1 1 1 -1 1 -1 0 1 0 1 1 0 -1 0 1 -1 0 -1 0 0 0 -1 
-1 0 -1 0 -1 0 -1 -1 0 0 0 -1 0 -1 0 0 0 0 0 0 -1 0 1 0 -1 
0 0 1 0 1 1 0 0 1 0 1 0 0 0 0 1 0 0 1 1 0 0 0 0 -1 
1 1 0 0 -1 -1 -1 -1 -1 -1 -1 -1 -1 -1 -1 -1 -1 -1 -1 0 0 -1 -1 -1 0 

Epinions Vertices:
4948, 1882, 17354, 1970, 3890, 1352, 410, 33931, 1488, 1328, 1274, 16973, 1502, 17011, 52, 8665, 3204, 4542, 16926, 5213, 5882, 7766, 114220, 17014, 1894
NUM EDGES NEG = 58
NUM EDGES POS = 151