25
0 1 0 1 1 0 0 0 0 1 0 0 0 0 0 1 1 0 0 0 0 0 0 0 0 
1 0 0 1 1 0 0 0 0 1 0 0 0 0 0 1 1 0 0 0 0 0 0 0 0 
0 0 0 0 0 1 0 -1 1 0 -1 1 1 0 0 0 0 0 1 1 0 0 0 1 1 
1 1 0 0 1 0 0 0 0 1 0 0 0 0 0 1 1 0 0 0 0 0 0 0 0 
1 1 0 1 0 0 0 0 0 1 0 0 0 0 0 1 1 0 0 0 0 0 0 0 0 
0 0 1 0 0 0 1 1 0 0 1 0 1 1 1 0 0 0 1 1 0 0 1 1 1 
0 0 0 0 0 1 0 1 1 0 0 1 -1 0 1 0 0 1 1 1 0 1 0 1 0 
0 0 -1 0 0 1 1 0 0 0 1 -1 0 0 0 0 0 1 0 1 1 1 1 0 1 
0 0 1 0 0 0 1 0 0 0 0 -1 0 0 0 0 0 1 1 1 0 0 0 1 1 
1 1 0 1 1 0 0 0 0 0 0 0 0 0 0 1 1 0 0 0 0 0 0 0 0 
0 0 -1 0 0 1 0 1 0 0 0 0 -1 1 1 0 0 1 -1 1 0 1 0 0 0 
0 0 1 0 0 0 1 -1 -1 0 0 0 -1 0 -1 0 0 -1 1 -1 -1 1 1 1 0 
0 0 1 0 0 1 -1 0 0 0 -1 -1 0 0 0 0 0 1 1 1 0 0 0 1 0 
0 0 0 0 0 1 0 0 0 0 1 0 0 0 0 0 0 1 0 1 0 0 1 1 0 
0 0 0 0 0 1 1 0 0 0 1 -1 0 0 0 0 0 1 0 1 1 1 0 0 1 
1 1 0 1 1 0 0 0 0 1 0 0 0 0 0 0 1 0 0 0 0 0 0 0 0 
1 1 0 1 1 0 0 0 0 1 0 0 0 0 0 1 0 0 0 0 0 0 0 0 0 
0 0 0 0 0 0 1 1 1 0 1 -1 1 1 1 0 0 0 0 1 0 1 0 0 -1 
0 0 1 0 0 1 1 0 1 0 -1 1 1 0 0 0 0 0 0 1 0 1 1 1 0 
0 0 1 0 0 1 1 1 1 0 1 -1 1 1 1 0 0 1 1 1 0 1 1 1 1 
0 0 0 0 0 0 0 1 0 0 0 -1 0 0 1 0 0 0 0 0 1 0 0 0 0 
0 0 0 0 0 0 1 1 0 0 1 1 0 0 1 0 0 1 1 1 0 0 0 0 0 
0 0 0 0 0 1 0 1 0 0 0 1 0 1 0 0 0 0 1 1 0 0 0 0 1 
0 0 1 0 0 1 1 0 1 0 0 1 1 1 0 0 0 0 1 1 0 0 0 0 1 
0 0 1 0 0 1 0 1 1 0 0 0 0 0 1 0 0 -1 0 1 0 0 1 1 0 

Epinions Vertices:
56372, 54253, 5213, 53632, 11874, 17376, 1605, 16936, 4360, 11865, 8665, 1682, 1378, 2677, 11445, 11849, 57169, 2286, 52, 3847, 3438, 33990, 4167, 3338, 370
NUM EDGES NEG = 13
NUM EDGES POS = 95 