25
1 0 1 0 0 1 1 0 0 1 0 0 1 1 0 0 1 0 1 0 1 0 1 0 1 
0 0 0 1 1 -1 1 1 0 1 0 1 0 1 0 1 1 1 1 1 1 0 0 1 1 
1 0 0 1 1 0 1 1 0 1 -1 1 1 -1 0 1 1 0 1 1 1 0 1 0 0 
0 1 1 0 1 0 1 1 0 1 0 1 0 0 0 1 1 1 1 1 1 0 0 0 0 
0 1 1 1 0 1 1 1 0 1 0 1 0 0 0 1 1 1 1 0 1 0 1 1 0 
1 -1 0 0 1 0 0 0 0 0 0 0 1 1 0 0 0 0 1 1 0 0 0 0 1 
1 1 1 1 1 0 0 1 0 1 0 0 0 1 0 1 1 0 1 1 1 0 1 0 1 
0 1 1 1 1 0 1 0 0 1 0 1 0 0 0 1 1 1 1 0 0 0 0 1 0 
0 0 0 0 0 0 0 0 0 0 0 0 0 0 1 0 0 0 0 0 0 1 0 0 0 
1 1 1 1 1 0 1 1 0 1 1 1 0 1 0 1 1 1 1 0 1 0 0 0 0 
0 0 -1 0 0 0 0 0 0 1 0 1 0 0 0 1 1 1 1 1 1 0 0 0 1 
0 1 1 1 1 0 0 1 0 1 1 1 1 0 0 1 1 1 1 1 1 0 1 0 1 
1 0 1 0 0 1 0 0 0 0 0 1 0 0 0 0 0 0 1 1 0 0 0 0 0 
1 1 -1 0 0 1 1 0 0 1 0 0 0 1 0 0 0 1 0 1 1 0 0 1 0 
0 0 0 0 0 0 0 0 1 0 0 0 0 0 0 0 0 0 0 0 0 1 0 0 0 
0 1 1 1 1 0 1 1 0 1 1 1 0 0 0 0 1 0 1 0 0 0 0 0 1 
1 1 1 1 1 0 1 1 0 1 1 1 0 0 0 1 0 1 1 1 1 0 1 1 1 
0 1 0 1 1 0 0 1 0 1 1 1 0 1 0 0 1 0 1 0 1 0 0 0 0 
1 1 1 1 1 1 1 1 0 1 1 1 1 0 0 1 1 1 0 1 1 0 1 1 1 
0 1 1 1 0 1 1 0 0 0 1 1 1 1 0 0 1 0 1 0 1 0 0 0 1 
1 1 1 1 1 0 1 0 0 1 1 1 0 1 0 0 1 1 1 1 1 0 1 0 0 
0 0 0 0 0 0 0 0 1 0 0 0 0 0 1 0 0 0 0 0 0 0 0 0 0 
1 0 1 0 1 0 1 0 0 0 0 1 0 0 0 0 1 0 1 0 1 0 0 0 1 
0 1 0 0 1 0 0 1 0 0 0 0 0 1 0 0 1 0 1 0 0 0 0 0 0 
1 1 0 0 0 1 1 0 0 0 1 1 0 0 0 1 1 0 1 1 0 0 1 0 0 

Epinions Vertices:
4080, 3249, 1488, 2339, 16973, 2292, 3204, 9846, 14101, 3847, 2010, 17011, 1287, 549, 49166, 52, 2842, 1487, 450, 2287, 913, 11825, 974, 15285, 1334
NUM EDGES NEG = 3
NUM EDGES POS = 139