50
0 0 0 0 -1 1 0 0 1 0 0 0 1 0 0 -1 0 0 0 0 0 0 1 0 0 1 0 0 0 0 0 0 0 -1 0 0 1 0 -1 1 0 0 0 0 0 0 -1 0 -1 -1 
0 0 0 0 0 0 0 0 0 0 0 0 0 1 1 0 1 0 0 0 0 0 0 0 1 0 1 0 0 0 1 1 1 0 1 1 0 0 0 0 0 0 0 0 0 0 0 0 0 0 
0 0 0 1 1 0 0 0 0 0 0 0 1 0 0 1 0 0 1 0 0 0 0 0 0 0 0 0 0 0 0 0 0 -1 0 0 0 0 0 0 1 0 0 0 0 0 0 0 1 1 
0 0 1 0 0 0 0 0 1 0 0 0 1 0 0 1 0 0 1 0 0 0 0 0 0 0 0 1 1 0 0 0 0 0 0 0 0 1 1 0 1 1 1 1 1 -1 0 -1 0 0 
-1 0 1 0 0 0 1 0 1 0 -1 0 1 0 0 0 0 0 0 1 0 0 1 1 0 0 0 0 0 0 0 0 0 0 0 0 0 0 0 0 0 0 1 0 1 0 0 0 0 0 
1 0 0 0 0 1 0 0 0 0 1 0 1 0 0 1 0 1 0 0 0 0 0 1 0 1 0 0 0 0 0 0 0 0 0 0 1 0 1 1 0 1 1 0 0 1 1 1 0 0 
0 0 0 0 1 0 0 0 0 0 1 0 1 0 0 0 0 0 0 0 1 0 0 1 0 0 0 0 1 0 0 0 0 0 0 0 0 1 0 0 0 0 1 0 0 0 0 0 1 1 
0 0 0 0 0 0 0 1 1 1 0 0 0 0 0 0 0 0 -1 -1 0 0 -1 1 0 -1 0 0 0 0 0 0 0 0 0 0 0 0 -1 0 1 0 1 0 0 0 0 0 1 1 
1 0 0 1 1 0 0 1 0 0 1 1 1 0 0 0 0 0 1 1 1 1 1 0 0 1 0 0 0 1 0 0 0 1 0 0 1 1 1 1 0 -1 1 0 1 1 0 1 1 0 
0 0 0 0 0 0 0 1 0 0 0 0 1 0 0 0 0 0 0 0 0 0 0 0 0 0 0 0 0 0 0 0 0 1 0 0 0 0 0 0 0 0 0 0 0 0 0 0 0 0 
0 0 0 0 -1 1 1 0 1 0 0 -1 0 0 0 0 0 1 0 1 0 0 1 0 0 1 0 1 0 0 0 0 0 0 0 0 0 0 0 1 -1 1 -1 0 1 0 0 0 -1 1 
0 0 0 0 0 0 0 0 1 0 -1 0 1 0 0 0 0 0 1 0 1 0 0 0 0 0 0 1 0 -1 0 0 0 0 0 0 0 1 0 0 1 0 1 0 0 -1 0 -1 0 0 
1 0 1 1 1 1 1 0 1 1 0 1 0 0 0 1 0 1 1 1 1 1 1 1 0 1 0 1 1 1 0 0 0 0 0 0 1 -1 0 1 0 1 1 1 1 0 0 0 1 0 
0 1 0 0 0 0 0 0 0 0 0 0 0 0 1 0 1 0 0 0 0 0 0 0 1 0 1 0 0 0 1 1 1 0 1 1 0 0 0 0 0 0 0 0 0 0 0 0 0 0 
0 1 0 0 0 0 0 0 0 0 0 0 0 1 0 0 1 0 0 0 0 0 0 0 1 0 1 0 0 0 1 1 0 0 0 1 0 0 0 0 0 0 0 0 0 0 0 0 0 0 
-1 0 1 1 0 1 0 0 0 0 0 0 1 0 0 0 0 0 -1 -1 0 0 0 0 0 -1 0 0 0 0 0 0 0 0 0 0 0 -1 0 0 -1 -1 -1 0 0 0 1 0 1 0 
0 1 0 0 0 0 0 0 0 0 0 0 0 1 1 0 0 0 0 0 0 0 0 0 1 0 1 0 0 0 1 1 1 0 0 1 0 0 0 0 0 0 0 0 0 0 0 0 0 0 
0 0 0 0 0 1 0 0 0 0 1 0 1 0 0 0 0 0 1 1 1 -1 1 0 0 0 0 1 0 0 0 0 0 0 0 0 0 1 1 1 0 1 1 0 0 1 0 1 0 0 
0 0 1 1 0 0 0 -1 1 0 0 1 1 0 0 -1 0 1 0 0 0 0 0 0 0 0 0 0 0 1 0 0 0 0 0 0 0 1 0 0 1 0 1 0 1 -1 0 -1 1 0 
0 0 0 0 1 0 0 -1 1 0 1 0 1 0 0 -1 0 1 0 0 1 0 1 1 0 0 0 0 0 0 0 0 0 0 0 0 0 0 0 1 0 1 0 0 0 -1 -1 -1 0 0 
0 0 0 0 0 0 1 0 1 0 0 1 1 0 0 0 0 1 0 1 1 0 1 0 0 0 0 0 0 1 0 0 0 0 0 0 0 -1 1 1 0 0 0 0 0 0 0 0 1 0 
0 0 0 0 0 0 0 0 1 0 0 0 1 0 0 0 0 -1 0 0 0 0 1 0 0 1 0 0 0 0 0 0 0 0 0 0 0 -1 1 1 1 -1 0 0 0 0 0 0 0 0 
1 0 0 0 1 0 0 -1 1 0 1 0 1 0 0 0 0 1 0 1 1 1 0 1 0 1 0 1 -1 0 0 0 0 0 0 0 0 0 0 1 0 0 0 0 0 -1 -1 -1 0 0 
0 0 0 0 1 1 1 1 0 0 0 0 1 0 0 0 0 0 0 1 0 0 1 0 0 1 0 0 1 0 0 0 0 0 0 0 0 1 0 1 0 0 1 0 1 0 0 0 0 0 
0 1 0 0 0 0 0 0 0 0 0 0 0 1 1 0 1 0 0 0 0 0 0 0 0 0 1 0 0 0 1 1 1 0 1 1 0 0 0 0 0 0 0 0 0 0 0 0 0 0 
1 0 0 0 0 1 0 -1 1 0 1 0 1 0 0 -1 0 0 0 0 0 1 1 1 0 0 0 0 0 0 0 0 0 0 0 0 1 0 0 1 0 1 1 0 1 -1 -1 -1 -1 0 
0 1 0 0 0 0 0 0 0 0 0 0 0 1 1 0 1 0 0 0 0 0 0 0 1 0 0 0 0 0 1 1 1 0 1 1 0 0 0 0 0 0 0 0 0 0 0 0 0 0 
0 0 0 1 0 0 0 0 0 0 1 1 1 0 0 0 0 1 0 0 0 0 1 0 0 0 0 0 1 0 0 0 0 0 0 0 1 1 1 0 -1 0 0 0 1 0 0 0 0 0 
0 0 0 1 0 0 1 0 0 0 0 0 1 0 0 0 0 0 0 0 0 0 -1 1 0 0 0 1 0 0 0 0 0 0 0 0 1 1 0 1 0 1 1 0 1 0 0 0 1 0 
0 0 0 0 0 0 0 0 1 0 0 -1 1 0 0 0 0 0 1 0 1 0 0 0 0 0 0 0 0 1 0 0 0 0 0 0 0 -1 0 0 1 0 0 0 0 0 0 0 1 0 
0 1 0 0 0 0 0 0 0 0 0 0 0 1 1 0 1 0 0 0 0 0 0 0 1 0 1 0 0 0 0 1 1 0 1 1 0 0 0 0 0 0 0 0 0 0 0 0 0 0 
0 1 0 0 0 0 0 0 0 0 0 0 0 1 1 0 1 0 0 0 0 0 0 0 1 0 1 0 0 0 1 0 1 0 1 1 0 0 0 0 0 0 0 0 0 0 0 0 0 0 
0 1 0 0 0 0 0 0 0 0 0 0 0 1 0 0 1 0 0 0 0 0 0 0 1 0 1 0 0 0 1 1 0 0 1 1 0 0 0 0 0 0 0 0 0 0 0 0 0 0 
-1 0 -1 0 0 0 0 0 1 1 0 0 0 0 0 0 0 0 0 0 0 0 0 0 0 0 0 0 0 0 0 0 0 0 0 0 0 0 1 0 0 0 0 0 0 0 0 0 0 0 
0 1 0 0 0 0 0 0 0 0 0 0 0 1 0 0 0 0 0 0 0 0 0 0 1 0 1 0 0 0 1 1 1 0 0 1 0 0 0 0 0 0 0 0 0 0 0 0 0 0 
0 1 0 0 0 0 0 0 0 0 0 0 0 1 1 0 1 0 0 0 0 0 0 0 1 0 1 0 0 0 1 1 1 0 1 0 0 0 0 0 0 0 0 0 0 0 0 0 0 0 
1 0 0 0 0 1 0 0 1 0 0 0 1 0 0 0 0 0 0 0 0 0 0 0 0 1 0 1 1 0 0 0 0 0 0 0 0 0 0 0 0 0 1 1 0 0 0 0 0 0 
0 0 0 1 0 0 1 0 1 0 0 1 -1 0 0 -1 0 1 1 0 -1 -1 0 1 0 0 0 1 1 -1 0 0 0 0 0 0 0 0 1 1 1 1 -1 0 1 -1 -1 -1 -1 0 
-1 0 0 1 0 1 0 -1 1 0 0 0 0 0 0 0 0 1 0 0 1 1 0 0 0 0 0 1 0 0 0 0 0 1 0 0 0 1 0 0 1 -1 1 0 1 0 0 0 1 0 
1 0 0 0 0 1 0 0 1 0 1 0 1 0 0 0 0 1 0 1 1 1 1 1 0 1 0 0 1 0 0 0 0 0 0 0 0 1 0 0 0 1 1 0 0 0 0 0 0 1 
0 0 1 1 0 0 0 1 0 0 -1 1 0 0 0 -1 0 0 1 0 0 1 0 0 0 0 0 -1 0 1 0 0 0 0 0 0 0 1 1 0 0 0 1 0 1 0 0 0 1 0 
0 0 0 1 0 1 0 0 -1 0 1 0 1 0 0 -1 0 1 0 1 0 -1 0 0 0 1 0 0 1 0 0 0 0 0 0 0 0 1 -1 1 0 0 0 0 1 0 0 0 0 0 
0 0 0 1 1 1 1 1 1 0 -1 1 1 0 0 -1 0 1 1 0 0 0 0 1 0 1 0 0 1 0 0 0 0 0 0 0 1 -1 1 1 1 0 0 0 1 0 -1 0 0 1 
0 0 0 1 0 0 0 0 0 0 0 0 1 0 0 0 0 0 0 0 0 0 0 0 0 0 0 0 0 0 0 0 0 0 0 0 1 0 0 0 0 0 0 0 0 1 0 1 0 0 
0 0 0 1 1 0 0 0 1 0 1 0 1 0 0 0 0 0 1 0 0 0 0 1 0 1 0 1 1 0 0 0 0 0 0 0 0 1 1 0 1 1 1 0 0 0 0 0 1 0 
0 0 0 -1 0 1 0 0 1 0 0 -1 0 0 0 0 0 1 -1 -1 0 0 -1 0 0 -1 0 0 0 0 0 0 0 0 0 0 0 -1 0 0 0 0 0 1 0 1 1 1 1 0 
-1 0 0 0 0 1 0 0 0 0 0 0 0 0 0 1 0 0 0 -1 0 0 -1 0 0 -1 0 0 0 0 0 0 0 0 0 0 0 -1 0 0 0 0 -1 0 0 1 1 1 1 0 
0 0 0 -1 0 1 0 0 1 0 0 -1 0 0 0 0 0 1 -1 -1 0 0 -1 0 0 -1 0 0 0 0 0 0 0 0 0 0 0 -1 0 0 0 0 0 1 0 1 1 1 1 0 
-1 0 1 0 0 0 1 1 1 0 -1 0 1 0 0 1 0 0 1 0 1 0 0 0 0 -1 0 0 1 1 0 0 0 0 0 0 0 -1 1 0 1 0 0 0 1 1 1 1 1 0 
-1 0 1 0 0 0 1 1 0 0 1 0 0 0 0 0 0 0 0 0 0 0 0 0 0 0 0 0 0 0 0 0 0 0 0 0 0 0 0 1 0 0 1 0 0 0 0 0 0 0 

Epinions Vertices:
1784, 30893, 433, 709, 57, 77232, 10197, 23, 353, 930, 13506, 1511, 715, 11731, 56148, 48759, 11743, 4360, 3183, 2505, 1327, 1474, 52, 317, 11824, 7682, 57307, 8930, 1441, 551, 57172, 14101, 11725, 1825, 55704, 56137, 10260, 7766, 2292, 904, 1504, 691, 1288, 538, 1037, 2378, 92799, 2378, 4080, 17361
NUM EDGES NEG = 58
NUM EDGES POS = 269