50
1 0 1 1 0 1 0 1 0 1 1 1 1 1 1 0 1 1 1 1 1 1 0 1 0 1 1 1 1 0 1 1 1 1 0 1 0 1 0 1 0 1 1 0 0 1 1 0 0 1 
0 0 0 1 0 1 1 1 1 0 1 1 1 1 0 1 1 1 1 1 1 1 1 1 0 1 1 1 0 1 1 1 1 1 1 1 0 1 1 1 1 1 1 1 1 1 1 1 1 1 
1 0 1 0 0 0 1 1 -1 1 1 0 0 1 1 0 1 1 1 0 0 1 0 0 0 1 0 0 0 -1 0 0 0 1 1 1 0 1 0 0 -1 1 1 1 -1 0 1 0 0 0 
1 1 0 1 -1 1 1 1 1 0 1 0 0 1 1 1 0 1 0 0 1 1 0 1 0 1 1 1 1 -1 1 1 1 1 1 1 -1 1 1 -1 -1 1 1 1 0 1 1 1 1 1 
0 0 0 -1 0 1 1 0 -1 0 0 0 0 0 0 1 0 1 1 0 1 0 0 0 0 1 1 1 1 0 0 0 1 1 1 0 -1 1 0 0 0 0 0 0 0 0 1 1 0 1 
1 1 0 1 1 1 1 1 -1 -1 1 1 -1 1 1 1 1 1 1 -1 1 1 0 1 0 1 1 1 1 0 1 1 -1 1 0 1 -1 1 0 0 1 1 1 1 0 1 1 0 1 1 
0 1 1 1 1 1 1 1 0 0 1 1 1 1 0 1 1 1 1 1 1 1 1 1 1 1 1 1 1 1 1 1 1 1 0 1 0 1 1 1 1 1 0 1 0 1 1 1 0 1 
1 1 1 1 0 1 1 0 0 1 1 1 0 1 1 1 1 1 1 1 1 1 0 1 1 1 0 1 0 1 0 1 1 1 1 1 0 0 0 1 1 1 1 1 0 1 0 1 0 0 
0 1 -1 1 -1 -1 0 0 0 0 1 -1 1 -1 1 0 0 1 1 1 1 -1 0 1 1 0 1 -1 0 1 1 1 1 -1 1 1 -1 -1 0 1 0 -1 -1 1 1 1 1 0 1 -1 
1 0 1 0 0 -1 0 1 0 0 0 1 0 0 1 1 1 1 0 1 1 0 1 1 1 1 1 0 1 0 1 1 1 0 0 1 -1 -1 0 0 1 1 0 1 1 1 0 1 0 1 
1 1 1 1 0 1 1 1 1 0 0 1 1 1 1 1 0 1 1 1 1 1 1 1 0 1 1 1 1 1 1 1 0 1 1 1 0 1 1 1 1 1 1 1 1 0 1 1 0 1 
1 1 0 0 0 1 1 1 -1 1 1 0 0 0 1 1 1 1 0 0 0 1 0 0 0 1 0 0 1 1 0 1 1 1 1 -1 -1 0 0 1 0 1 0 1 0 0 0 1 0 1 
1 1 0 0 0 -1 1 0 1 0 1 0 0 0 1 1 1 1 1 0 0 1 1 1 0 1 1 -1 0 0 1 -1 0 1 1 1 -1 0 1 0 1 1 1 1 1 1 1 1 1 1 
1 1 1 1 0 1 1 1 -1 0 1 0 0 0 1 1 0 1 1 1 1 1 0 1 0 1 1 1 1 -1 1 1 -1 1 0 1 0 1 1 1 1 1 1 1 1 0 1 1 1 1 
1 0 1 1 0 1 0 1 1 1 1 1 1 1 0 1 1 0 1 1 1 1 0 1 1 1 1 1 0 1 1 1 0 1 0 1 -1 1 1 1 0 1 1 1 1 1 1 1 1 1 
0 1 0 1 1 1 1 1 0 1 1 1 1 1 1 0 1 1 1 1 1 1 1 -1 1 1 1 1 1 -1 1 1 1 1 1 1 1 1 1 1 1 1 1 1 1 1 1 -1 1 1 
1 1 1 0 0 1 1 1 0 1 0 1 1 0 1 1 0 1 1 1 1 1 1 0 1 1 0 0 1 1 1 1 1 0 1 1 0 1 0 1 1 1 0 0 0 0 1 1 0 1 
1 1 1 1 1 1 1 1 1 1 1 1 1 1 0 1 1 0 1 1 1 1 1 1 1 1 1 -1 1 -1 1 1 1 1 1 1 1 1 1 1 0 1 1 1 0 1 1 1 0 1 
1 1 1 0 1 1 1 1 1 0 1 0 1 1 1 1 1 1 0 1 0 1 1 1 0 1 1 0 1 -1 1 1 1 1 1 1 0 1 1 1 1 1 1 1 1 1 1 1 1 1 
1 1 0 0 0 -1 1 1 1 1 1 0 0 1 1 1 1 1 1 0 1 1 0 1 0 1 1 -1 1 -1 0 1 1 1 1 1 0 1 1 1 -1 1 1 1 1 1 0 1 1 1 
1 1 0 1 1 1 1 1 1 1 1 0 0 1 1 1 1 1 0 1 0 1 0 1 1 1 0 1 1 -1 1 1 1 1 1 1 0 1 0 1 1 1 1 1 0 1 1 0 0 1 
1 1 1 1 0 1 1 1 -1 0 1 1 1 1 1 1 1 1 1 1 1 0 0 1 1 1 1 1 1 -1 1 1 1 1 1 1 0 1 0 1 1 1 1 1 1 1 1 1 1 1 
0 1 0 0 0 0 1 0 0 1 1 0 1 0 0 1 1 1 1 0 0 0 0 1 0 1 1 1 0 -1 1 1 1 1 1 1 0 0 1 0 0 1 0 1 1 1 0 0 1 1 
1 1 0 1 0 1 1 1 1 1 1 0 1 1 1 -1 0 1 1 1 1 1 1 0 0 1 1 1 0 -1 1 1 1 1 0 1 0 1 1 1 1 1 0 1 1 1 1 1 1 1 
0 0 0 0 0 0 1 1 1 1 0 0 0 0 1 1 1 1 0 0 1 1 0 0 0 0 0 0 1 -1 0 1 0 0 1 0 -1 1 0 0 0 0 1 1 0 0 0 0 0 1 
1 1 1 1 1 1 1 1 0 1 1 1 1 1 1 1 1 1 1 1 1 1 1 1 0 0 1 1 1 0 1 1 1 1 0 1 -1 1 1 1 1 1 1 1 0 1 1 1 0 1 
1 1 0 1 1 1 1 0 1 1 1 0 1 1 1 1 0 1 1 1 0 1 1 1 0 1 0 1 1 1 1 1 1 1 0 1 0 1 1 1 1 1 1 1 1 1 1 1 0 1 
1 1 0 1 1 1 1 1 -1 0 1 0 -1 1 1 1 0 -1 0 -1 1 1 1 1 0 1 1 0 0 -1 0 1 0 1 1 1 -1 1 0 1 0 1 1 1 -1 1 1 0 1 1 
1 0 0 1 1 1 1 0 0 1 1 1 0 1 0 1 1 1 1 1 1 1 0 0 1 1 1 0 0 -1 0 1 1 1 0 0 0 1 0 1 1 1 1 1 0 1 0 0 0 0 
0 1 -1 -1 0 0 1 1 1 0 1 1 0 -1 1 -1 1 -1 -1 -1 -1 -1 -1 -1 -1 0 1 -1 -1 0 1 -1 0 1 -1 1 -1 -1 -1 1 -1 1 -1 1 0 1 0 0 -1 -1 
1 1 0 1 0 1 1 0 1 1 1 0 1 1 1 1 1 1 1 0 1 1 1 1 0 1 1 0 0 1 0 1 1 1 0 1 -1 1 1 1 1 1 1 1 1 1 1 1 1 1 
1 1 0 1 0 1 1 1 1 1 1 1 -1 1 1 1 1 1 1 1 1 1 1 1 1 1 1 1 1 -1 1 0 1 1 1 1 0 1 1 1 1 1 1 1 1 1 1 1 1 1 
1 1 0 1 1 -1 1 1 1 1 0 1 0 -1 0 1 1 1 1 1 1 1 1 1 0 1 1 0 1 0 1 1 0 1 1 1 -1 1 0 1 0 1 0 1 0 1 1 1 0 1 
1 1 1 1 1 1 1 1 -1 0 1 1 1 1 1 1 0 1 1 1 1 1 1 1 0 1 1 1 1 1 1 1 1 0 1 1 -1 1 1 1 1 1 1 1 0 0 1 1 0 1 
0 1 1 1 1 0 0 1 1 0 1 1 1 0 0 1 1 1 1 1 1 1 1 0 1 0 0 1 0 -1 0 1 1 1 0 0 1 0 0 0 0 1 1 0 1 1 1 0 1 1 
1 1 1 1 0 1 1 1 1 1 1 -1 1 1 1 1 1 1 1 1 1 1 1 1 0 1 1 1 0 1 1 1 1 1 0 0 0 1 1 -1 0 1 1 1 1 1 1 1 1 1 
0 0 0 -1 -1 -1 0 0 -1 -1 0 -1 -1 0 -1 1 0 1 0 0 0 0 0 0 -1 -1 0 -1 0 -1 -1 0 -1 -1 1 0 0 0 -1 -1 0 0 0 0 -1 0 0 0 0 0 
1 1 1 1 1 1 1 0 -1 -1 1 0 0 1 1 1 1 1 1 1 1 1 0 1 1 1 1 1 1 -1 1 1 1 1 0 1 0 0 1 1 1 1 1 1 1 1 0 1 1 1 
0 1 0 1 0 0 1 0 0 0 1 0 1 1 1 1 0 1 1 1 0 0 1 1 0 1 1 0 0 -1 1 1 0 1 0 1 -1 1 0 1 0 1 1 1 -1 1 0 0 1 1 
1 1 0 -1 0 0 1 1 1 0 1 1 0 1 1 1 1 1 1 1 1 1 0 1 0 1 1 1 1 1 1 1 1 1 0 -1 -1 1 1 0 1 1 1 0 0 -1 1 1 1 1 
0 1 -1 -1 0 1 1 1 0 1 1 0 1 1 0 1 1 0 1 -1 1 1 0 1 0 1 1 0 1 -1 1 1 0 1 0 0 0 1 0 1 0 1 1 1 0 1 1 0 1 1 
1 1 1 1 0 1 1 1 -1 1 1 1 1 1 1 1 1 1 1 1 1 1 1 1 0 1 1 1 1 1 1 1 1 1 1 1 0 1 1 1 1 0 1 1 1 1 1 1 1 1 
1 1 1 1 0 1 0 1 -1 0 1 0 1 1 1 1 0 1 1 1 1 1 0 0 1 1 1 1 1 -1 1 1 0 1 1 1 0 1 1 1 1 1 0 1 0 1 1 1 1 1 
0 1 1 1 0 1 1 1 1 1 1 1 1 1 1 1 0 1 1 1 1 1 1 1 1 1 1 1 1 1 1 1 1 1 0 1 0 1 1 0 1 1 1 0 1 1 1 1 0 1 
0 1 -1 0 0 0 0 0 1 1 1 0 1 1 1 1 0 0 1 1 0 1 1 1 0 0 1 -1 0 0 1 1 0 0 1 1 -1 1 -1 0 0 1 0 1 0 1 1 0 1 1 
1 1 0 1 0 1 1 1 1 1 0 0 1 0 1 1 0 1 1 1 1 1 1 1 0 1 1 1 1 1 1 1 1 0 1 1 0 1 1 -1 1 1 1 1 1 0 1 1 1 1 
1 1 1 1 1 1 1 0 1 0 1 0 1 1 1 1 1 1 1 0 1 1 0 1 0 1 1 1 0 0 1 1 1 1 1 1 0 0 0 1 1 1 1 1 1 1 1 0 0 1 
0 1 0 1 1 0 1 1 0 1 1 1 1 1 1 -1 1 1 1 1 0 1 0 1 0 1 1 0 0 0 1 1 1 1 0 1 0 1 0 1 0 1 1 1 0 1 0 0 1 1 
0 1 0 1 0 1 0 0 1 0 0 0 1 1 1 1 0 0 1 1 0 1 1 1 0 0 0 1 0 -1 1 1 0 0 1 1 0 1 1 1 1 1 1 0 1 1 0 1 0 0 
1 1 0 1 1 1 1 0 -1 1 1 1 1 1 1 1 1 1 1 1 1 1 1 1 1 1 1 1 0 -1 1 1 1 1 1 1 0 1 1 1 1 1 1 1 1 1 1 1 0 0 

Epinions Vertices:
6800, 1492, 549, 5, 433, 966, 1321, 4542, 655, 6055, 2287, 366, 1685, 1480, 3249, 20, 1027, 671, 715, 4169, 2738, 155, 3176, 2842, 161, 10369, 3343, 3890, 1287, 1652, 17354, 450, 11445, 4948, 855, 1352, 865, 851, 453, 2282, 1488, 1274, 1328, 1502, 5213, 1296, 913, 1334, 52, 23532
NUM EDGES NEG = 75
NUM EDGES POS = 837

