50
0 0 0 0 0 7 4 0 0 0 0 2 -10 0 0 0 0 -10 0 -10 -10 -7 0 0 0 5 0 0 0 0 2 -10 0 0 0 0 2 0 -10 0 0 0 0 0 -10 7 11 0 0 4 
0 0 0 -10 0 5 6 -10 0 0 0 0 -10 0 -10 -10 0 -10 0 -10 -10 0 4 0 0 16 0 0 0 3 0 -10 0 0 0 0 0 0 -10 0 0 0 0 -10 -10 5 2 3 10 6 
0 0 0 0 0 0 0 0 -20 -10 -20 9 0 5 0 0 0 0 0 0 0 0 0 1 0 0 0 6 3 0 9 0 0 0 0 0 0 -11 0 -10 5 0 0 0 0 0 0 0 0 0 
0 -10 0 0 0 -10 -10 1 0 0 0 0 1 0 0 1 0 1 0 1 1 -20 0 0 0 0 -10 0 0 0 0 1 -20 0 -10 -20 0 0 1 0 0 0 0 0 2 -10 0 0 -10 -10 
0 0 0 0 0 0 12 0 0 5 0 1 0 0 0 0 15 0 -10 0 0 3 0 1 0 0 0 2 1 0 1 0 0 0 0 5 6 3 0 5 0 0 0 0 0 0 0 0 0 12 
7 5 0 -10 0 0 20 -10 0 0 0 0 -10 0 -10 -10 0 -10 0 -10 -10 8 0 0 0 8 0 0 0 2 0 -10 0 0 0 11 2 0 -10 0 0 2 0 -10 -10 0 20 2 0 20 
4 6 0 -10 12 20 0 0 0 -10 0 2 -10 3 -10 -10 0 -10 6 -10 -10 -3 4 5 0 0 0 -1 7 8 2 -10 8 12 0 5 0 2 -10 -10 3 3 4 -10 -10 20 3 8 0 0 
0 -10 0 1 0 -10 0 0 0 0 0 0 1 0 0 0 0 1 0 0 1 -20 0 0 0 0 -10 0 0 0 0 0 -10 0 -10 0 0 0 1 0 0 0 0 1 0 -10 0 0 -10 0 
0 0 -20 0 0 0 0 0 0 -20 20 -10 0 0 0 0 0 0 0 0 0 -10 0 0 -20 0 -10 0 0 0 -10 0 0 0 -10 0 0 0 0 -20 0 0 0 0 0 0 0 0 0 0 
0 0 -10 0 5 0 -10 0 -20 0 -20 0 0 0 0 0 0 0 0 0 0 -10 12 4 -10 0 0 7 0 0 0 0 0 5 0 2 0 0 0 0 0 2 2 0 0 0 0 0 0 -10 
0 0 -20 0 0 0 0 0 20 -20 0 -20 0 0 0 0 0 0 -10 0 0 -10 0 0 -20 0 -10 0 0 0 -20 0 0 0 -10 0 0 0 0 -20 0 0 0 0 0 0 0 0 0 0 
2 0 9 0 1 0 2 0 -10 0 -20 0 0 -2 0 0 0 0 0 0 0 -4 -1 0 9 0 0 1 0 0 0 0 1 1 0 4 4 1 0 0 -2 1 1 0 0 0 8 0 0 2 
-10 -10 0 1 0 -10 -10 1 0 0 0 0 0 0 1 0 0 2 0 3 2 -20 0 0 0 0 -10 0 0 0 0 3 -20 0 -10 -20 0 0 2 0 0 0 0 1 1 -10 0 0 -10 -10 
0 0 5 0 0 0 3 0 0 0 0 -2 0 0 0 0 0 0 0 0 0 6 0 0 5 0 0 5 5 0 -2 0 14 0 0 7 -11 -12 0 0 0 0 3 0 0 0 2 0 0 3 
0 -10 0 0 0 -10 -10 0 0 0 0 0 1 0 0 1 0 1 0 1 1 -10 0 0 0 0 -10 0 0 0 0 1 -10 0 -10 0 0 0 1 0 0 0 0 0 1 -10 0 0 -10 -10 
0 -10 0 1 0 -10 -10 0 0 0 0 0 0 0 1 0 0 0 0 0 0 -20 0 0 0 0 -10 0 0 0 0 0 -10 0 -10 0 0 0 0 0 0 0 0 1 0 -10 0 0 -10 -10 
0 0 0 0 15 0 0 0 0 0 0 0 0 0 0 0 0 0 0 0 0 3 6 0 0 8 0 2 1 7 0 0 0 15 0 8 10 0 0 0 0 2 14 0 0 0 16 7 0 0 
-10 -10 0 1 0 -10 -10 1 0 0 0 0 2 0 1 0 0 0 0 5 2 -20 0 0 0 0 -10 0 0 0 0 5 -20 0 -10 -20 0 0 2 0 0 0 0 1 1 -10 0 0 -10 -10 
0 0 0 0 -10 0 6 0 0 0 -10 0 0 0 0 0 0 0 0 0 0 0 0 0 0 0 0 -1 0 0 0 0 0 -10 0 5 0 -1 0 0 0 0 7 0 0 0 0 0 0 6 
-10 -10 0 1 0 -10 -10 0 0 0 0 0 3 0 1 0 0 5 0 0 1 -20 0 0 0 0 -10 0 0 0 0 0 -10 0 -10 0 0 0 1 0 0 0 0 1 1 -10 0 0 -10 -10 
-10 -10 0 1 0 -10 -10 1 0 0 0 0 2 0 1 0 0 2 0 1 0 -20 0 0 0 0 -10 0 0 0 0 1 -20 0 -10 -20 0 0 0 0 0 0 0 1 1 -10 0 0 -10 -10 
-7 0 0 -20 3 8 -3 -20 -10 -10 -10 -4 -20 6 -10 -20 3 -20 0 -20 -20 0 6 8 0 3 0 7 2 4 -4 -20 3 3 0 4 2 0 -20 -10 6 2 2 -20 -20 8 9 4 1 -3 
0 4 0 0 0 0 4 0 0 12 0 -1 0 0 0 0 6 0 0 0 0 6 0 0 0 0 0 0 3 10 -1 0 0 0 0 0 0 0 0 12 0 0 0 0 0 0 0 10 0 4 
0 0 1 0 1 0 5 0 0 4 0 0 0 0 0 0 0 0 0 0 0 8 0 0 1 0 0 2 0 0 0 0 2 1 0 -2 0 4 0 4 0 0 0 0 0 0 0 0 0 5 
0 0 0 0 0 0 0 0 -20 -10 -20 9 0 5 0 0 0 0 0 0 0 0 0 1 0 0 0 6 3 0 9 0 0 0 0 0 0 -11 0 -10 5 0 0 0 0 0 0 0 0 0 
5 16 0 0 0 8 0 0 0 0 0 0 0 0 0 0 8 0 0 0 0 3 0 0 0 0 0 0 0 6 0 0 0 0 0 0 0 0 0 0 0 0 0 0 0 8 4 6 0 0 
0 0 0 -10 0 0 0 -10 -10 0 -10 0 -10 0 -10 -10 0 -10 0 -10 -10 0 0 0 0 0 0 0 0 0 0 -10 0 0 0 0 0 0 -10 0 0 0 0 -10 -10 0 0 0 0 0 
0 0 6 0 2 0 -1 0 0 7 0 1 0 5 0 0 2 0 -1 0 0 7 0 2 6 0 0 0 12 0 1 0 2 2 0 7 0 13 0 7 5 0 15 0 0 0 6 0 4 -1 
0 0 3 0 1 0 7 0 0 0 0 0 0 5 0 0 1 0 0 0 0 2 3 0 3 0 0 12 0 0 0 0 0 1 0 12 0 2 0 0 5 0 4 0 0 0 6 0 0 7 
0 3 0 0 0 2 8 0 0 0 0 0 0 0 0 0 7 0 0 0 0 4 10 0 0 6 0 0 0 0 0 0 0 0 0 0 0 0 0 0 0 7 0 0 0 2 12 0 0 8 
2 0 9 0 1 0 2 0 -10 0 -20 0 0 -2 0 0 0 0 0 0 0 -4 -1 0 9 0 0 1 0 0 0 0 1 1 0 4 4 1 0 0 -2 1 1 0 0 0 8 0 0 2 
-10 -10 0 1 0 -10 -10 0 0 0 0 0 3 0 1 0 0 5 0 0 1 -20 0 0 0 0 -10 0 0 0 0 0 -10 0 -10 0 0 0 1 0 0 0 0 1 1 -10 0 0 -10 -10 
0 0 0 -20 0 0 8 -10 0 0 0 1 -20 14 -10 -10 0 -20 0 -10 -20 3 0 2 0 0 0 2 0 0 1 -10 0 0 0 0 0 0 -20 0 14 0 0 -20 -20 0 0 0 0 8 
0 0 0 0 0 0 12 0 0 5 0 1 0 0 0 0 15 0 -10 0 0 3 0 1 0 0 0 2 1 0 1 0 0 0 0 5 6 3 0 5 0 0 0 0 0 0 0 0 0 12 
0 0 0 -10 0 0 0 -10 -10 0 -10 0 -10 0 -10 -10 0 -10 0 -10 -10 0 0 0 0 0 0 0 0 0 0 -10 0 0 0 0 0 0 -10 0 0 0 0 -10 -10 0 0 0 0 0 
0 0 0 -20 5 11 5 0 0 2 0 4 -20 7 0 0 8 -20 5 0 -20 4 0 -2 0 0 0 7 12 0 4 0 0 5 0 0 0 1 -20 2 7 1 4 -20 -20 11 8 0 0 5 
2 0 0 0 6 2 0 0 0 0 0 4 0 -11 0 0 10 0 0 0 0 2 0 0 0 0 0 0 0 0 4 0 0 6 0 0 0 11 0 0 -11 0 0 0 0 2 0 0 0 0 
0 0 -11 0 3 0 2 0 0 0 0 1 0 -12 0 0 0 0 -1 0 0 0 0 4 -11 0 0 13 2 0 1 0 0 3 0 1 11 0 0 0 -12 0 0 0 0 0 1 0 0 2 
-10 -10 0 1 0 -10 -10 1 0 0 0 0 2 0 1 0 0 2 0 1 0 -20 0 0 0 0 -10 0 0 0 0 1 -20 0 -10 -20 0 0 0 0 0 0 0 1 1 -10 0 0 -10 -10 
0 0 -10 0 5 0 -10 0 -20 0 -20 0 0 0 0 0 0 0 0 0 0 -10 12 4 -10 0 0 7 0 0 0 0 0 5 0 2 0 0 0 0 0 2 2 0 0 0 0 0 0 -10 
0 0 5 0 0 0 3 0 0 0 0 -2 0 0 0 0 0 0 0 0 0 6 0 0 5 0 0 5 5 0 -2 0 14 0 0 7 -11 -12 0 0 0 0 3 0 0 0 2 0 0 3 
0 0 0 0 0 2 3 0 0 2 0 1 0 0 0 0 2 0 0 0 0 2 0 0 0 0 0 0 0 7 1 0 0 0 0 1 0 0 0 2 0 0 0 0 0 2 2 7 0 3 
0 0 0 0 0 0 4 0 0 2 0 1 0 3 0 0 14 0 7 0 0 2 0 0 0 0 0 15 4 0 1 0 0 0 0 4 0 0 0 2 3 0 0 0 0 0 1 0 0 4 
0 -10 0 0 0 -10 -10 1 0 0 0 0 1 0 0 1 0 1 0 1 1 -20 0 0 0 0 -10 0 0 0 0 1 -20 0 -10 -20 0 0 1 0 0 0 0 0 2 -10 0 0 -10 -10 
-10 -10 0 2 0 -10 -10 0 0 0 0 0 1 0 1 0 0 1 0 1 1 -20 0 0 0 0 -10 0 0 0 0 1 -20 0 -10 -20 0 0 1 0 0 0 0 2 0 -10 0 0 -10 -10 
7 5 0 -10 0 0 20 -10 0 0 0 0 -10 0 -10 -10 0 -10 0 -10 -10 8 0 0 0 8 0 0 0 2 0 -10 0 0 0 11 2 0 -10 0 0 2 0 -10 -10 0 20 2 0 20 
11 2 0 0 0 20 3 0 0 0 0 8 0 2 0 0 16 0 0 0 0 9 0 0 0 4 0 6 6 12 8 0 0 0 0 8 0 1 0 0 2 2 1 0 0 20 0 12 0 3 
0 3 0 0 0 2 8 0 0 0 0 0 0 0 0 0 7 0 0 0 0 4 10 0 0 6 0 0 0 0 0 0 0 0 0 0 0 0 0 0 0 7 0 0 0 2 12 0 0 8 
0 10 0 -10 0 0 0 -10 0 0 0 0 -10 0 -10 -10 0 -10 0 -10 -10 1 0 0 0 0 0 4 0 0 0 -10 0 0 0 0 0 0 -10 0 0 0 0 -10 -10 0 0 0 0 0 
4 6 0 -10 12 20 0 0 0 -10 0 2 -10 3 -10 -10 0 -10 6 -10 -10 -3 4 5 0 0 0 -1 7 8 2 -10 8 12 0 5 0 2 -10 -10 3 3 4 -10 -10 20 3 8 0 0 

BitCoin Vertices:
4694, 4635, 1363, 4683, 1953, 3897, 905, 4684, 3757, 2028, 3756, 2388, 4680, 135, 4707, 4675, 4172, 4681, 1383, 4688, 4682, 1810, 2063, 1967, 1363, 4499, 3793, 1, 1396, 4197, 2388, 4688, 1815, 1953, 3793, 1565, 3903, 1352, 4682, 2028, 135, 550, 353, 4683, 4686, 3897, 4291, 4197, 4458, 905
NUM EDGES NEG = 185
NUM EDGES POS = 265


