50
0 0 0 1 1 0 1 0 0 0 0 0 0 0 0 0 0 0 0 0 0 1 1 1 0 0 0 -1 0 1 0 0 1 1 0 0 0 1 1 1 1 0 0 1 1 0 1 0 0 0 
0 0 0 0 0 1 0 0 1 0 0 1 1 0 1 0 1 0 1 0 0 0 0 0 1 1 1 -1 1 0 0 0 1 0 1 0 1 0 0 0 -1 1 1 0 0 0 0 0 0 0 
0 0 0 0 0 1 0 1 -1 1 1 1 1 1 0 0 0 -1 0 1 1 0 0 0 1 0 1 0 1 0 1 1 0 0 -1 1 1 0 0 0 0 0 1 0 0 0 0 0 0 0 
1 0 0 0 1 0 1 0 0 0 0 0 0 0 0 0 0 0 0 0 0 1 1 1 0 0 0 0 0 1 0 0 1 1 0 0 0 1 1 1 1 0 0 1 1 0 1 0 0 0 
1 0 0 1 0 0 1 0 0 0 0 0 0 0 0 0 0 0 0 0 0 1 1 1 0 0 0 -1 0 1 0 0 1 1 0 0 0 1 1 1 1 0 0 1 1 0 1 0 0 0 
0 1 1 0 0 0 0 0 0 1 0 0 1 0 0 1 0 1 1 1 0 0 0 0 1 0 1 -1 1 0 0 1 0 0 0 1 1 0 0 0 0 0 0 0 0 1 0 1 1 0 
1 0 0 1 1 0 0 0 0 0 0 0 0 0 0 0 0 0 0 0 0 1 1 1 0 0 0 0 0 1 0 0 1 1 0 0 0 1 1 1 1 0 0 1 1 0 1 0 0 0 
0 0 1 0 0 0 0 0 1 0 0 0 1 1 0 0 0 -1 0 0 0 0 0 0 1 0 1 -1 0 0 1 1 0 0 1 -1 1 0 0 0 0 1 0 0 0 1 0 0 1 1 
0 1 -1 0 0 0 0 1 0 -1 -1 0 0 0 0 0 0 0 0 -1 -1 0 0 0 -1 1 1 -1 -1 0 1 0 0 0 -1 -1 -1 0 0 0 0 -1 -1 0 0 -1 0 0 -1 0 
0 0 1 0 0 1 0 0 -1 0 1 0 1 1 0 0 0 1 1 1 0 0 0 0 1 0 0 -1 1 0 0 0 0 0 1 1 1 0 0 0 0 1 0 0 0 1 0 0 1 0 
0 0 1 0 0 0 0 0 -1 1 0 0 1 0 1 1 0 0 1 1 0 0 0 0 1 0 1 0 -1 0 0 0 0 0 1 0 0 0 0 0 0 0 0 0 0 1 0 0 1 0 
0 1 1 0 0 0 0 0 0 0 0 0 1 0 0 0 1 1 1 0 0 0 0 0 0 1 1 0 0 0 0 1 0 0 1 1 0 0 0 0 0 0 1 0 0 1 0 1 1 0 
0 1 1 0 0 1 0 1 0 1 1 1 0 1 1 0 0 1 1 1 1 0 0 0 1 0 1 0 -1 0 1 1 0 0 1 0 1 0 0 0 0 1 0 0 0 1 0 0 1 1 
0 0 1 0 0 0 0 1 0 1 0 0 1 0 0 0 1 0 1 1 0 0 0 0 0 1 1 0 0 0 0 1 0 0 1 0 0 0 0 0 0 0 0 0 0 1 0 1 1 0 
0 1 0 0 0 0 0 0 0 0 1 0 1 0 0 0 0 0 1 0 1 0 0 0 0 0 0 0 0 0 1 1 0 0 1 0 0 0 0 0 0 0 1 0 0 0 0 1 0 0 
0 0 0 0 0 1 0 0 0 0 1 0 0 0 0 0 0 1 0 0 0 0 0 0 0 0 0 -1 0 0 0 0 0 0 1 0 1 0 0 0 0 0 0 0 0 0 0 1 0 0 
0 1 0 0 0 0 0 0 0 0 0 1 0 1 0 0 0 0 0 0 0 0 0 0 0 1 0 0 0 0 0 0 0 0 0 0 0 0 0 0 0 1 0 0 0 0 0 1 0 0 
0 0 -1 0 0 1 0 -1 0 1 0 1 1 0 0 1 0 0 -1 1 -1 0 0 0 1 1 1 1 1 0 -1 -1 0 0 -1 -1 -1 0 0 0 0 0 1 0 0 -1 0 1 -1 1 
0 1 0 0 0 1 0 0 0 1 1 1 1 1 1 0 0 -1 0 1 0 0 0 0 1 0 0 0 0 0 1 1 0 0 1 0 1 0 0 0 0 0 0 0 0 0 0 0 0 0 
0 0 1 0 0 1 0 0 -1 1 1 0 1 1 0 0 0 1 1 0 -1 0 0 0 1 0 0 0 1 0 0 0 0 0 1 1 1 0 0 0 0 0 0 0 0 1 0 0 1 0 
0 0 1 0 0 0 0 0 -1 0 0 0 1 0 1 0 0 -1 0 -1 0 0 0 0 0 1 0 0 0 0 0 0 0 0 0 -1 0 0 0 0 0 0 1 0 0 1 0 0 1 0 
1 0 0 1 1 0 1 0 0 0 0 0 0 0 0 0 0 0 0 0 0 0 1 1 0 0 0 0 0 1 0 0 1 1 0 0 0 1 1 1 1 0 0 1 1 0 1 0 0 0 
1 0 0 1 1 0 1 0 0 0 0 0 0 0 0 0 0 0 0 0 0 1 0 1 0 0 0 -1 0 1 0 0 1 1 0 0 0 1 1 1 1 0 0 1 1 0 1 0 0 0 
1 0 0 1 1 0 1 0 0 0 0 0 0 0 0 0 0 0 0 0 0 1 1 0 0 0 0 0 0 1 0 0 1 1 0 0 0 1 1 1 1 0 0 1 1 0 1 0 0 0 
0 1 1 0 0 1 0 1 -1 1 1 0 1 0 0 0 0 1 1 1 0 0 0 0 0 1 1 0 1 0 1 1 0 0 1 1 1 0 0 0 0 0 0 0 0 1 0 0 1 0 
0 1 0 0 0 0 0 0 1 0 0 1 0 1 0 0 1 1 0 0 1 0 0 0 1 1 1 -1 0 0 0 0 1 0 1 0 0 0 0 0 0 0 0 0 0 0 0 1 0 0 
0 1 1 0 0 1 0 1 1 0 1 1 1 1 0 0 0 1 0 0 0 0 0 0 1 1 0 0 1 0 0 0 0 0 1 0 0 0 0 0 0 0 0 0 0 1 0 0 1 0 
-1 -1 0 0 -1 -1 0 -1 -1 -1 0 0 0 0 0 -1 0 1 0 0 0 0 -1 0 0 -1 0 1 -1 0 1 0 -1 0 -1 0 0 0 0 0 -1 1 0 0 0 0 0 0 0 0 
0 1 1 0 0 1 0 0 -1 1 -1 0 -1 0 0 0 0 1 0 1 0 0 0 0 1 0 1 -1 0 0 0 0 0 0 -1 1 1 0 0 0 0 0 1 0 0 1 0 0 1 0 
1 0 0 1 1 0 1 0 0 0 0 0 0 0 0 0 0 0 0 0 0 1 1 1 0 0 0 0 0 0 0 0 1 1 0 0 0 1 1 1 1 0 0 1 1 0 1 0 0 0 
0 0 1 0 0 0 0 1 1 0 0 0 1 0 1 0 0 -1 1 0 0 0 0 0 1 0 0 1 0 0 1 0 0 0 1 0 1 0 0 0 0 1 0 0 0 1 0 -1 1 0 
0 0 1 0 0 1 0 1 0 0 0 1 1 1 1 0 0 -1 1 0 0 0 0 0 1 0 0 0 0 0 0 0 0 0 1 1 1 0 0 0 0 1 0 0 0 1 0 0 1 0 
1 1 0 1 1 0 1 0 0 0 0 0 0 0 0 0 0 0 0 0 0 1 1 1 0 1 0 -1 0 1 0 0 0 1 0 0 0 1 1 1 1 0 0 1 1 0 1 0 0 0 
1 0 0 1 1 0 1 0 0 0 0 0 0 0 0 0 0 0 0 0 0 1 1 1 0 0 0 0 0 1 0 0 1 0 0 0 0 1 1 1 1 0 0 1 1 0 1 0 0 0 
0 1 -1 0 0 0 0 1 -1 1 1 1 1 1 1 1 0 -1 1 1 0 0 0 0 1 1 1 -1 -1 0 1 1 0 0 1 1 1 0 0 0 0 1 0 0 0 -1 0 1 -1 1 
0 0 1 0 0 1 0 -1 -1 1 0 1 0 0 0 0 0 -1 0 1 -1 0 0 0 1 0 0 0 1 0 0 1 0 0 1 0 1 0 0 0 0 0 1 0 0 1 0 0 1 0 
0 1 1 0 0 1 0 1 -1 1 0 0 1 0 0 1 0 -1 1 1 0 0 0 0 1 0 0 0 1 0 1 1 0 0 1 1 0 0 0 0 0 1 1 0 0 1 0 0 1 1 
1 0 0 1 1 0 1 0 0 0 0 0 0 0 0 0 0 0 0 0 0 1 1 1 0 0 0 0 0 1 0 0 1 1 0 0 0 0 1 1 1 0 0 1 1 0 1 0 0 0 
1 0 0 1 1 0 1 0 0 0 0 0 0 0 0 0 0 0 0 0 0 1 1 1 0 0 0 0 0 1 0 0 1 1 0 0 0 1 0 1 1 0 0 1 1 0 1 0 0 0 
1 0 0 1 1 0 1 0 0 0 0 0 0 0 0 0 0 0 0 0 0 1 1 1 0 0 0 0 0 1 0 0 1 1 0 0 0 1 1 0 1 0 0 1 1 0 1 0 0 0 
1 -1 0 1 1 0 1 0 0 0 0 0 0 0 0 0 0 0 0 0 0 1 1 1 0 0 0 -1 0 1 0 0 1 1 0 0 0 1 1 1 0 0 0 1 1 0 1 0 0 0 
0 1 0 0 0 0 0 1 -1 1 0 0 1 0 0 0 1 0 0 0 0 0 0 0 0 0 0 1 0 0 1 1 0 0 1 0 1 0 0 0 0 1 0 0 0 0 0 0 0 1 
0 1 1 0 0 0 0 0 -1 0 0 1 0 0 1 0 0 1 0 0 1 0 0 0 0 0 0 0 1 0 0 0 0 0 0 1 1 0 0 0 0 0 0 0 0 1 0 0 1 1 
1 0 0 1 1 0 1 0 0 0 0 0 0 0 0 0 0 0 0 0 0 1 1 1 0 0 0 0 0 1 0 0 1 1 0 0 0 1 1 1 1 0 0 0 1 0 1 0 0 0 
1 0 0 1 1 0 1 0 0 0 0 0 0 0 0 0 0 0 0 0 0 1 1 1 0 0 0 0 0 1 0 0 1 1 0 0 0 1 1 1 1 0 0 1 0 0 1 0 0 0 
0 0 0 0 0 1 0 1 -1 1 1 1 1 1 0 0 0 -1 0 1 1 0 0 0 1 0 1 0 1 0 1 1 0 0 -1 1 1 0 0 0 0 0 1 0 0 0 0 0 0 0 
1 0 0 1 1 0 1 0 0 0 0 0 0 0 0 0 0 0 0 0 0 1 1 1 0 0 0 0 0 1 0 0 1 1 0 0 0 1 1 1 1 0 0 1 1 0 0 0 0 0 
0 0 0 0 0 1 0 0 0 0 0 1 0 1 1 1 1 1 0 0 0 0 0 0 0 1 0 0 0 0 -1 0 0 0 1 0 0 0 0 0 0 0 0 0 0 0 0 0 0 0 
0 0 0 0 0 1 0 1 -1 1 1 1 1 1 0 0 0 -1 0 1 1 0 0 0 1 0 1 0 1 0 1 1 0 0 -1 1 1 0 0 0 0 0 1 0 0 0 0 0 0 0 
0 0 0 0 0 0 0 1 0 0 0 0 1 0 0 0 0 1 0 0 0 0 0 0 0 0 0 0 0 0 0 0 0 0 1 0 1 0 0 0 0 1 1 0 0 0 0 0 0 0 

Epinions Vertices:
56115, 11445, 1488, 9046, 11841, 106, 11703, 2557, 112779, 3338, 2677, 1970, 3343, 9071, 1037, 2044, 2224, 1652, 3133, 2505, 169, 11862, 11707, 11851, 1492, 931, 2286, 6296, 16933, 11857, 4080, 8930, 56342, 56372, 5, 52, 2842, 56129, 56144, 56395, 55005, 6800, 1348, 11693, 57177, 1488, 30898, 544, 1488, 17398
NUM EDGES NEG = 50
NUM EDGES POS = 357