50
0 0 0 0 0 0 0 0 0 0 1 0 0 1 0 0 6 0 0 2 3 0 0 0 0 0 0 -1 0 0 0 3 0 0 0 0 0 3 0 3 1 1 0 0 2 0 0 2 0 0 
0 0 0 0 6 3 0 3 2 0 1 0 0 3 1 1 0 0 -1 0 0 2 2 5 0 -7 1 -10 0 6 0 0 0 0 4 0 0 0 -7 5 3 3 2 0 0 0 4 0 3 1 
0 0 0 1 0 0 2 1 0 0 0 0 1 1 0 1 0 1 2 1 0 0 1 0 0 5 2 0 0 1 0 0 0 0 0 1 0 0 5 0 1 1 0 0 0 0 1 0 0 0 
0 0 1 0 0 5 0 0 1 0 0 0 0 0 7 0 3 0 0 0 10 0 0 1 0 1 0 0 0 1 0 1 0 1 0 0 0 10 1 1 0 0 2 1 0 1 2 0 6 0 
0 6 0 0 0 0 3 1 0 1 2 0 0 0 0 0 0 2 0 0 3 0 1 3 0 10 0 0 0 0 4 3 0 0 0 0 1 3 10 0 0 0 0 0 2 0 0 2 0 0 
0 3 0 3 0 0 0 1 4 0 0 0 2 2 0 8 1 0 0 5 8 6 5 0 3 -10 0 0 0 4 0 0 5 4 3 3 0 8 -10 2 2 2 1 0 0 0 8 0 1 0 
0 0 2 0 0 0 0 8 0 8 0 8 0 0 0 1 0 0 5 0 0 2 2 0 0 0 0 0 3 0 2 1 1 0 1 0 8 0 0 1 0 0 0 0 1 0 0 1 0 0 
0 1 4 0 3 1 5 0 0 4 3 2 0 0 0 1 0 2 3 0 1 6 5 0 0 -5 1 0 3 1 2 0 0 0 3 0 4 1 -5 0 0 0 0 1 1 1 2 1 0 0 
0 0 0 1 0 3 0 0 0 0 10 0 1 0 2 0 4 0 0 0 4 3 1 0 0 2 0 4 0 0 0 1 5 0 2 1 0 4 2 0 0 0 0 0 1 0 4 1 1 0 
0 0 0 0 1 0 7 1 0 0 1 0 0 0 0 0 0 5 -2 0 0 0 1 1 0 2 0 0 0 0 1 1 0 -1 2 0 0 0 2 1 0 0 0 0 0 0 1 0 0 0 
-9 5 0 0 2 3 0 4 8 5 0 0 4 2 8 0 3 0 0 3 2 3 1 0 0 -8 0 -10 0 -4 3 7 0 -8 2 0 5 2 -8 3 2 2 0 0 1 0 4 1 0 0 
0 0 0 0 0 0 10 0 0 0 0 0 0 0 0 1 3 0 -10 0 0 3 1 0 0 5 0 1 0 0 3 0 0 0 5 0 0 0 5 0 0 0 0 9 0 9 0 0 0 0 
-10 0 2 0 0 2 0 2 1 0 4 0 0 0 0 0 1 0 1 0 0 1 0 0 0 -1 2 0 0 0 0 1 0 1 0 0 0 0 -1 0 0 0 0 0 0 0 1 0 7 0 
1 1 1 0 0 3 0 0 0 0 1 0 0 0 0 0 3 0 1 1 0 0 0 0 0 2 0 -4 0 4 0 0 2 0 0 0 0 0 2 0 0 0 0 0 4 0 5 4 0 0 
0 0 0 7 0 0 0 0 2 0 0 0 0 4 0 2 3 0 0 0 5 0 0 0 1 10 0 0 0 2 0 0 3 1 6 7 0 5 10 2 4 4 2 0 0 0 10 0 1 0 
0 1 1 0 0 10 7 1 0 0 0 3 0 0 1 0 1 0 3 0 0 0 0 0 0 0 2 0 0 1 6 0 3 0 3 0 0 0 0 4 0 0 0 0 0 0 0 0 0 0 
0 0 0 3 0 1 0 0 4 0 3 3 1 2 2 1 0 0 0 0 1 0 0 0 2 0 1 1 0 0 0 1 0 0 0 3 0 1 0 2 2 2 1 0 0 0 0 0 3 0 
0 0 1 0 2 0 0 2 0 5 0 0 0 0 0 0 0 0 0 0 3 0 1 0 0 4 0 0 0 1 0 1 4 0 1 0 5 3 4 0 0 0 0 0 0 0 0 0 0 0 
0 -1 2 0 0 0 5 10 0 -10 0 -10 2 1 0 3 0 0 0 0 0 0 0 0 0 -1 2 0 0 0 1 0 0 1 1 0 -10 0 -1 0 1 1 0 0 0 0 0 0 0 0 
-1 0 1 0 0 4 0 0 0 0 10 0 0 1 0 0 0 0 0 0 2 4 1 1 0 -10 0 -10 0 1 0 0 0 0 0 0 0 2 -10 0 1 1 -1 0 0 0 0 0 0 2 
3 0 0 5 2 8 0 0 4 0 2 0 0 2 5 0 1 3 0 2 0 3 3 1 2 1 1 0 0 5 0 3 5 1 3 5 0 0 1 0 2 2 8 2 0 2 3 0 1 1 
0 0 0 0 0 6 1 7 2 0 6 3 1 0 0 0 0 0 0 2 0 0 2 0 0 -2 0 -10 0 0 0 0 0 0 2 0 0 0 -2 0 0 0 3 0 0 0 4 0 0 0 
0 2 1 0 1 9 3 10 2 2 1 4 0 0 0 0 0 1 0 1 4 2 0 1 0 2 2 1 7 1 1 2 0 0 2 0 2 4 2 0 0 0 0 2 1 2 0 1 0 1 
0 5 0 1 4 0 0 10 0 1 1 0 0 0 0 0 0 0 0 1 1 0 1 0 0 0 0 0 0 0 1 0 0 0 1 1 1 1 0 1 0 0 2 0 0 0 0 0 0 0 
0 1 0 0 0 3 0 0 0 2 0 0 0 1 1 0 2 0 1 0 2 0 0 0 0 2 0 -10 0 1 0 0 3 0 5 0 2 2 2 1 1 1 1 0 0 0 3 0 4 1 
-10 3 4 0 10 10 10 4 1 1 5 3 1 3 10 0 0 4 3 1 1 10 2 0 2 0 2 -10 1 2 2 1 2 0 6 0 1 1 0 5 3 3 0 0 1 0 2 1 1 0 
0 1 5 0 0 0 0 2 0 0 2 0 1 0 0 2 1 0 1 0 1 2 2 0 0 0 0 0 0 0 0 0 0 0 0 0 0 1 0 0 0 0 0 0 0 0 1 0 0 0 
3 1 0 0 0 0 1 7 4 0 0 1 0 4 0 0 1 -4 0 2 5 1 1 5 0 0 0 0 0 7 1 1 7 0 2 0 0 5 0 9 4 4 1 1 5 1 0 5 0 0 
0 0 0 0 0 0 3 10 0 0 0 0 0 0 0 0 0 0 0 0 0 0 3 0 0 4 0 0 0 0 0 0 1 0 0 0 0 0 4 1 0 0 0 0 1 0 0 1 0 0 
0 7 1 1 0 6 0 1 0 2 1 0 0 4 2 1 0 0 0 1 7 0 1 0 1 2 0 -1 0 0 0 1 10 0 0 1 2 7 2 0 4 4 0 2 0 2 4 0 3 -10 
0 0 0 0 3 0 2 9 0 2 3 3 0 0 0 5 0 0 1 0 0 0 1 2 0 2 0 2 0 0 0 0 0 0 2 0 2 0 2 2 0 0 0 0 0 0 0 0 0 1 
-6 0 1 0 4 1 0 3 1 2 10 0 0 0 0 0 1 1 0 0 3 1 2 0 0 7 0 -5 0 1 0 0 1 0 0 0 2 3 7 0 0 0 0 0 0 0 6 0 0 1 
0 0 0 0 0 5 1 0 4 0 0 0 0 3 2 3 0 4 0 0 5 0 0 0 3 -1 0 -1 1 10 0 0 0 0 4 0 0 5 -1 8 3 3 0 0 0 0 3 0 0 5 
0 0 0 0 0 6 0 0 0 -10 10 0 0 0 1 0 0 0 10 0 1 0 0 0 0 0 0 0 0 0 0 0 0 0 0 0 -10 1 0 0 0 0 0 0 0 0 0 0 3 0 
0 4 0 0 0 5 7 4 2 5 2 6 2 2 5 3 0 -10 0 0 3 8 2 1 5 -1 0 0 0 0 3 0 6 0 0 0 5 3 -1 0 2 2 0 6 1 6 5 1 3 3 
0 0 1 0 0 5 0 0 1 0 0 0 0 0 7 0 3 0 0 0 10 0 0 1 0 1 0 0 0 1 0 1 0 1 0 0 0 10 1 1 0 0 2 1 0 1 2 0 6 0 
0 0 0 0 1 0 7 1 0 0 1 0 0 0 0 0 0 5 -2 0 0 0 1 1 0 2 0 0 0 0 1 1 0 -1 2 0 0 0 2 1 0 0 0 0 0 0 1 0 0 0 
3 0 0 5 2 8 0 0 4 0 2 0 0 2 5 0 1 3 0 2 0 3 3 1 2 1 1 0 0 5 0 3 5 1 3 5 0 0 1 0 2 2 8 2 0 2 3 0 1 1 
-10 3 4 0 10 10 10 4 1 1 5 3 1 3 10 0 0 4 3 1 1 10 2 0 2 0 2 -10 1 2 2 1 2 0 6 0 1 1 0 5 3 3 0 0 1 0 2 1 1 0 
2 1 0 1 0 2 -5 0 0 2 3 0 0 9 0 4 3 0 0 0 5 0 0 1 10 -10 0 -10 1 0 2 0 4 0 6 1 2 5 -10 0 9 9 0 0 2 0 1 2 1 1 
1 1 1 0 0 3 0 0 0 0 1 0 0 0 0 0 3 0 1 1 0 0 0 0 0 2 0 -4 0 4 0 0 2 0 0 0 0 0 2 0 0 0 0 0 4 0 5 4 0 0 
1 1 1 0 0 3 0 0 0 0 1 0 0 0 0 0 3 0 1 1 0 0 0 0 0 2 0 -4 0 4 0 0 2 0 0 0 0 0 2 0 0 0 0 0 4 0 5 4 0 0 
0 1 0 5 0 3 0 0 0 0 1 0 0 0 2 0 1 0 0 0 10 10 0 2 0 0 0 1 0 0 0 0 0 0 0 5 0 10 0 0 0 0 0 0 1 0 2 1 0 0 
0 0 0 1 0 0 0 1 0 0 0 8 0 1 0 0 0 0 0 0 1 0 2 0 0 -5 0 -10 0 1 0 0 0 0 5 1 0 1 -5 0 1 1 0 0 0 0 0 0 0 0 
-10 0 0 0 2 0 2 1 1 0 1 0 0 3 0 0 0 0 0 0 0 0 1 0 0 1 0 4 1 0 1 0 0 0 1 0 0 0 1 1 3 3 1 0 0 0 0 0 0 0 
0 0 0 1 0 0 0 1 0 0 0 8 0 1 0 0 0 0 0 0 1 0 2 0 0 -5 0 -10 0 1 0 0 0 0 5 1 0 1 -5 0 1 1 0 0 0 0 0 0 0 0 
0 4 1 1 0 8 1 4 6 1 5 0 1 5 10 0 1 0 1 0 1 4 1 0 1 1 1 0 0 4 0 6 4 0 3 1 1 1 1 1 5 5 2 0 1 0 0 1 1 0 
-10 0 0 0 2 0 2 1 1 0 1 0 0 3 0 0 0 0 0 0 0 0 1 0 0 1 0 4 1 0 1 0 0 0 1 0 0 0 1 1 3 3 1 0 0 0 0 0 0 0 
0 2 0 7 0 2 0 0 1 0 0 0 7 4 1 0 5 0 0 0 2 0 0 0 4 -10 0 0 0 3 0 0 0 1 2 7 0 2 -10 1 4 4 0 0 0 0 2 0 0 1 
0 1 0 0 1 0 0 1 0 0 3 0 0 1 0 0 0 0 0 2 2 0 1 0 1 1 0 0 0 2 1 1 2 0 4 0 0 2 1 1 1 1 0 0 0 0 1 0 1 0 

BitCoin Vertices:
2897, 2045, 35, 3828, 304, 4172, 1386, 1, 2942, 135, 1810, 1566, 3878, 1832, 3897, 1555, 2625, 729, 1352, 3465, 2642, 57, 353, 2176, 361, 905, 4559, 2028, 1366, 2067, 1585, 2296, 1731, 3903, 1565, 3828, 135, 2642, 905, 1334, 1832, 1832, 3598, 215, 1802, 215, 4291, 1802, 3451, 3452
NUM EDGES NEG = 30
NUM EDGES POS = 593

