50
0 8 0 0 6 1 6 9 8 7 5 4 10 4 1 20 0 12 3 0 3 0 0 2 0 13 2 4 0 12 3 12 16 4 7 1 0 3 16 0 6 2 8 10 10 4 13 6 2 3 
8 0 -1 5 1 1 2 -4 3 4 4 0 3 2 0 0 0 10 2 1 -20 0 -20 1 0 0 10 2 3 6 2 0 0 2 4 1 -1 2 0 0 2 1 0 -20 3 2 0 0 0 -20 
0 -1 0 0 0 0 0 6 0 2 0 2 0 2 6 0 2 2 4 0 2 12 0 0 0 0 0 14 0 0 2 10 6 14 2 0 0 4 6 0 0 0 -1 3 0 14 0 3 2 2 
0 5 0 0 2 0 3 8 6 4 8 0 6 0 0 0 6 0 5 2 0 6 0 1 3 0 0 0 2 8 0 0 0 0 4 0 0 5 0 20 3 1 5 3 6 0 2 0 0 0 
6 1 0 2 0 15 0 7 13 0 10 0 0 0 0 0 11 3 -1 2 0 7 0 0 4 0 5 1 0 0 0 0 2 1 0 15 0 -1 2 4 0 0 1 0 0 1 0 12 0 0 
1 1 0 0 15 0 3 2 4 0 0 0 0 0 0 0 12 4 4 0 0 2 0 0 2 0 2 7 0 0 0 0 14 7 0 0 0 4 14 2 3 0 1 3 0 7 0 4 0 0 
6 2 0 3 0 3 0 0 -5 0 2 0 2 0 0 4 4 2 0 2 1 7 -9 4 0 0 0 -2 0 3 0 4 4 -2 0 3 0 0 4 3 0 4 2 0 2 -2 5 1 0 1 
9 -4 6 8 7 2 0 0 9 0 6 1 3 0 6 8 0 17 -3 3 0 -10 -20 6 0 0 0 4 0 5 0 4 3 4 0 2 6 -3 3 4 0 6 -4 18 3 4 8 2 0 0 
8 3 0 6 13 4 -5 9 0 0 0 13 0 -1 0 0 0 1 8 0 0 -9 0 0 0 2 0 3 0 16 0 4 12 3 0 4 0 8 12 0 -5 0 3 5 0 3 3 7 0 0 
7 4 2 4 0 0 0 0 0 0 4 0 5 0 0 5 0 1 1 0 0 6 0 12 8 2 0 10 0 13 0 4 10 10 0 0 2 1 10 0 0 12 4 9 5 10 0 0 0 0 
5 4 0 8 10 0 2 6 0 4 0 0 4 0 0 1 3 5 3 5 0 8 10 5 0 1 0 2 2 6 0 0 9 2 4 0 0 3 9 4 2 5 4 12 4 2 0 0 1 0 
4 0 2 0 0 0 0 1 13 0 0 0 0 0 2 4 2 0 0 0 0 2 0 0 0 0 0 18 3 10 7 2 4 18 0 0 2 0 4 0 0 0 0 0 0 18 2 0 0 0 
10 3 0 6 0 0 2 3 0 5 4 0 0 0 5 4 2 0 5 0 4 0 0 9 0 2 2 2 2 4 0 0 5 2 5 0 0 5 5 0 2 9 3 0 0 2 6 1 0 4 
4 2 2 0 0 0 0 0 -1 0 0 0 0 0 2 0 0 1 7 0 6 0 0 0 0 0 0 0 0 0 7 2 3 0 0 0 2 7 3 0 0 0 2 7 0 0 0 0 14 6 
1 0 6 0 0 0 0 6 0 0 0 2 5 2 0 5 0 2 0 0 8 2 0 5 0 2 0 2 2 6 6 4 2 2 0 0 6 0 2 0 0 5 0 8 5 2 0 0 0 8 
20 0 0 0 0 0 4 8 0 5 1 4 4 0 5 0 0 0 20 0 2 0 0 2 0 0 0 10 2 0 14 2 0 10 5 0 0 20 0 0 4 2 0 4 4 10 2 0 10 2 
0 0 2 6 11 12 4 0 0 0 3 2 2 0 0 0 0 0 8 0 0 4 0 9 0 0 6 2 0 0 0 0 0 2 0 12 2 8 0 0 4 9 0 0 2 2 0 6 0 0 
12 10 2 0 3 4 2 17 1 1 5 0 0 1 2 0 0 0 8 0 0 -4 -10 0 2 0 1 6 0 2 1 0 1 6 1 4 2 8 1 7 2 0 10 2 0 6 2 0 0 0 
3 2 4 5 -1 4 0 -3 8 1 3 0 5 7 0 20 8 8 0 12 -9 -10 0 -5 8 1 9 2 0 7 1 8 0 2 1 4 4 0 0 20 0 -5 2 3 5 2 2 7 0 -9 
0 1 0 2 2 0 2 3 0 0 5 0 0 0 0 0 0 0 12 0 0 5 0 0 0 0 0 6 0 0 0 0 15 6 0 0 0 12 15 16 2 0 1 0 0 6 0 1 0 0 
3 -20 2 0 0 0 1 0 0 0 0 0 4 6 8 2 0 0 -9 0 0 0 0 2 0 4 0 3 2 0 13 6 3 3 0 0 2 -9 3 0 1 2 -20 2 4 3 2 0 0 0 
0 0 12 6 7 2 7 -10 -9 6 8 2 0 0 2 0 4 -4 -10 5 0 0 -20 -1 -4 0 0 5 0 6 0 0 0 5 6 2 12 -10 0 0 7 -1 0 8 0 5 0 0 0 0 
0 -20 0 0 0 0 -9 -20 0 0 10 0 0 0 0 0 0 -10 0 0 0 -20 0 -10 0 0 0 -10 0 -10 0 0 0 -10 0 0 0 0 0 0 -9 -10 -20 0 0 -10 0 0 0 0 
2 1 0 1 0 0 4 6 0 12 5 0 9 0 5 2 9 0 -5 0 2 -1 -10 0 0 0 0 5 3 0 2 2 4 5 12 0 0 -5 4 0 4 0 1 0 9 5 2 7 0 2 
0 0 0 3 4 2 0 0 0 8 0 0 0 0 0 0 0 2 8 0 0 -4 0 0 0 0 2 6 0 -5 0 0 0 6 8 2 0 8 0 4 0 0 0 0 0 6 0 7 0 0 
13 0 0 0 0 0 0 0 2 2 1 0 2 0 2 0 0 0 1 0 4 0 0 0 0 0 0 5 0 0 5 7 3 5 2 0 0 1 3 0 0 0 0 1 2 5 0 0 2 4 
2 10 0 0 5 2 0 0 0 0 0 0 2 0 0 0 6 1 9 0 0 0 0 0 2 0 0 0 2 0 2 0 0 0 0 2 0 9 0 0 0 0 10 0 2 0 0 4 0 0 
4 2 14 0 1 7 -2 4 3 10 2 18 2 0 2 10 2 6 2 6 3 5 -10 5 6 5 0 0 2 15 15 2 16 0 10 7 14 2 16 5 -2 5 2 8 2 0 13 0 10 3 
0 3 0 2 0 0 0 0 0 0 2 3 2 0 2 2 0 0 0 0 2 0 0 3 0 0 2 2 0 3 4 0 2 2 0 0 0 0 2 0 0 3 3 0 2 2 0 0 2 2 
12 6 0 8 0 0 3 5 16 13 6 10 4 0 6 0 0 2 7 0 0 6 -10 0 -5 0 0 15 3 0 7 6 13 15 13 0 0 7 13 0 3 0 6 16 4 15 10 0 0 0 
3 2 2 0 0 0 0 0 0 0 0 7 0 7 6 14 0 1 1 0 13 0 0 2 0 5 2 15 4 7 0 9 8 15 0 0 2 1 8 0 0 2 2 2 0 15 4 0 8 13 
12 0 10 0 0 0 4 4 4 4 0 2 0 2 4 2 0 0 8 0 6 0 0 2 0 7 0 2 0 6 9 0 7 2 4 0 10 8 7 4 4 2 0 5 0 2 0 0 4 6 
16 0 6 0 2 14 4 3 12 10 9 4 5 3 2 0 0 1 0 15 3 0 0 4 0 3 0 16 2 13 8 7 0 16 10 14 6 0 0 0 4 4 0 7 5 16 0 1 2 3 
4 2 14 0 1 7 -2 4 3 10 2 18 2 0 2 10 2 6 2 6 3 5 -10 5 6 5 0 0 2 15 15 2 16 0 10 7 14 2 16 5 -2 5 2 8 2 0 13 0 10 3 
7 4 2 4 0 0 0 0 0 0 4 0 5 0 0 5 0 1 1 0 0 6 0 12 8 2 0 10 0 13 0 4 10 10 0 0 2 1 10 0 0 12 4 9 5 10 0 0 0 0 
1 1 0 0 15 0 3 2 4 0 0 0 0 0 0 0 12 4 4 0 0 2 0 0 2 0 2 7 0 0 0 0 14 7 0 0 0 4 14 2 3 0 1 3 0 7 0 4 0 0 
0 -1 0 0 0 0 0 6 0 2 0 2 0 2 6 0 2 2 4 0 2 12 0 0 0 0 0 14 0 0 2 10 6 14 2 0 0 4 6 0 0 0 -1 3 0 14 0 3 2 2 
3 2 4 5 -1 4 0 -3 8 1 3 0 5 7 0 20 8 8 0 12 -9 -10 0 -5 8 1 9 2 0 7 1 8 0 2 1 4 4 0 0 20 0 -5 2 3 5 2 2 7 0 -9 
16 0 6 0 2 14 4 3 12 10 9 4 5 3 2 0 0 1 0 15 3 0 0 4 0 3 0 16 2 13 8 7 0 16 10 14 6 0 0 0 4 4 0 7 5 16 0 1 2 3 
0 0 0 20 4 2 3 4 0 0 4 0 0 0 0 0 0 7 20 16 0 0 0 0 4 0 0 5 0 0 0 4 0 5 0 2 0 20 0 0 3 0 0 0 0 5 0 3 0 0 
6 2 0 3 0 3 0 0 -5 0 2 0 2 0 0 4 4 2 0 2 1 7 -9 4 0 0 0 -2 0 3 0 4 4 -2 0 3 0 0 4 3 0 4 2 0 2 -2 5 1 0 1 
2 1 0 1 0 0 4 6 0 12 5 0 9 0 5 2 9 0 -5 0 2 -1 -10 0 0 0 0 5 3 0 2 2 4 5 12 0 0 -5 4 0 4 0 1 0 9 5 2 7 0 2 
8 0 -1 5 1 1 2 -4 3 4 4 0 3 2 0 0 0 10 2 1 -20 0 -20 1 0 0 10 2 3 6 2 0 0 2 4 1 -1 2 0 0 2 1 0 -20 3 2 0 0 0 -20 
10 -20 3 3 0 3 0 18 5 9 12 0 0 7 8 4 0 2 3 0 2 8 0 0 0 1 0 8 0 16 2 5 7 8 9 3 3 3 7 0 0 0 -20 0 0 8 3 0 4 2 
10 3 0 6 0 0 2 3 0 5 4 0 0 0 5 4 2 0 5 0 4 0 0 9 0 2 2 2 2 4 0 0 5 2 5 0 0 5 5 0 2 9 3 0 0 2 6 1 0 4 
4 2 14 0 1 7 -2 4 3 10 2 18 2 0 2 10 2 6 2 6 3 5 -10 5 6 5 0 0 2 15 15 2 16 0 10 7 14 2 16 5 -2 5 2 8 2 0 13 0 10 3 
13 0 0 2 0 0 5 8 3 0 0 2 6 0 0 2 0 2 2 0 2 0 0 2 0 0 0 13 0 10 4 0 0 13 0 0 0 2 0 0 5 2 0 3 6 13 0 0 0 2 
6 0 3 0 12 4 1 2 7 0 0 0 1 0 0 0 6 0 7 1 0 0 0 7 7 0 4 0 0 0 0 0 1 0 0 4 3 7 1 3 1 7 0 0 1 0 0 0 0 0 
2 0 2 0 0 0 0 0 0 0 1 0 0 14 0 10 0 0 0 0 0 0 0 0 0 2 0 10 2 0 8 4 2 10 0 0 2 0 2 0 0 0 0 4 0 10 0 0 0 0 
3 -20 2 0 0 0 1 0 0 0 0 0 4 6 8 2 0 0 -9 0 0 0 0 2 0 4 0 3 2 0 13 6 3 3 0 0 2 -9 3 0 1 2 -20 2 4 3 2 0 0 0 

BitCoin Vertices:
4291, 2388, 2063, 1899, 1, 353, 546, 1810, 57, 1731, 2125, 3598, 1832, 4649, 2625, 3897, 13, 2296, 905, 1953, 3451, 2028, 3744, 1334, 729, 4611, 35, 2642, 3735, 1018, 3828, 4197, 4172, 2642, 1731, 353, 2063, 905, 4172, 304, 546, 1334, 2388, 2942, 1832, 2642, 3714, 1396, 3429, 3451
NUM EDGES NEG = 55
NUM EDGES POS = 643
